16016,3.81678276319984,7988.96592777888,32032,10799,8,0.00399447546622771,7,0.000274699071506504
8492,7.61793641341007,4774.46544304933,16984,8255,19,0.000375304283160132,18,0.000249263356628147
9302,7.68758030863868,4727.96315136505,18604,8918,19,7.14481589170364e-05,17,0.00023394840906908
7604,6.1574899075632,2707.06123302844,15208,6545,17,0.00313938132778423,16,0.000355074236851887
10605,7.74526688551708,3474.5464581257,21210,10237,14,0.000316454369794745,16,0.000202412667379816
8755,5.94654629436729,2249.17597917654,17510,8311,17,0.000274813355929098,21,0.000253531449845152
8344,8.06502073079321,3825.24540438249,16688,8312,17,5.687256242148e-05,17,0.000241571376640696
16887,4.88673692659662,2943.77754693639,33774,10368,3,0.00456103211253509,12,0.000314220425209622
6141,7.55935524202659,2404.24434886568,12282,6011,16,0.000293770947346639,16,0.000339975712856989
13402,4.23688353688518,4.23688353688518,26804,11139,1,0.00109841857448778,7,0.000216045981007137
12303,5.43511199057027,1759.99821124957,24606,11914,5,0.000144457621820739,10,0.000173365342581289
17091,5.1162003275744,1002.50160570971,34182,14450,3,0.000801007577432793,11,0.000163716266328461
18628,4.69485296695049,4050.88974952396,37256,15708,2,0.00163429150509715,10,0.000151001787589446
20178,4.48266985928796,1152.24702624368,40356,16255,5,0.00150572065193377,8,0.000152742848013713
7343,4.52185220472827,941.860919601019,14686,5988,12,0.00173626047035453,10,0.000409649542389718
26823,4.33396051189696,3408.38744176645,53646,13150,5,0.00902091701140218,9,0.00031025505561151
14611,5.19005213838612,592.24349377211,29222,12953,5,0.000748319749289759,10,0.00017418178431672
6749,6.81737632649919,3081.48820543219,13498,6186,22,0.000179505631787051,16,0.000352792873887133
17888,4.82708305283856,266.59773669121,35776,16081,2,0.000421615933716951,10,0.000138354307685501
11427,4.9253906287542,4.9253906287542,22854,10201,1,0.000997564665970382,10,0.000219643979540645
25681,4.00378458079063,4.00378458079063,51362,19060,1,0.0010050532609389,6,0.000141390073470975
6377,6.61302959928415,4416.47370752819,12754,5806,26,4.17146900598529e-05,17,0.000378413966602609
15330,5.87905450614986,1842.25222386194,30660,14912,6,0.000107562956342245,13,0.000137888956593096
15563,4.99357020229179,2139.21067735427,31126,13983,8,0.000220888832117236,8,0.00015920388360499
23571,3.50504296847821,3.50504296847821,47142,8315,1,0.0157465800772795,6,0.000681923614198048
6274,5.33342272920317,214.365007412242,12548,5614,5,0.000521277249094131,11,0.00039820532149304
21770,3.23298475023871,3.23298475023871,43540,5481,1,0.0386549834291892,5,0.00144959961219715
13530,4.52826359113062,4.52826359113062,27060,11731,1,0.000847120945732099,8,0.000196650359802574
16876,5.40882940733385,914.409022698434,33752,15286,4,0.000444051227364321,12,0.000144457539725288
20379,4.97381965691879,16.9675247069646,40758,19011,2,0.000135001571598843,12,0.00011277836295723
13198,6.70317020679323,4067.40746042866,26396,12729,10,0.000148186370823162,16,0.00016292347573966
20625,4.19610754318091,4.19610754318091,41250,17203,1,0.000736627213371024,7,0.000139392953520956
22951,3.99130928355511,3.99130928355511,45902,16524,1,0.00193795414683037,8,0.000168123150387129
25410,5.52351128198471,478.508556201862,50820,23207,2,0.000113030605771124,10,9.43659617690251e-05
18722,4.25405490188771,752.195599593462,37444,14824,2,0.00124807767518509,8,0.000170404367507082
20120,4.01533439932431,423.605984705945,40240,15907,3,0.00106681693418156,6,0.000159040859043233
17734,4.90799944387277,4.90799944387277,35468,15955,1,0.00107279329741533,10,0.000139338234528626
9176,6.08131384544715,697.271044801788,18352,9010,9,0.000114590736226651,14,0.000226090348176919
27308,3.5925153580198,3.5925153580198,54616,11116,1,0.00856217316570834,5,0.000442040320072933
21764,4.70074505451437,8252.98973944106,43528,18760,7,0.000831020058801631,12,0.000123687609336289
15910,4.45178340155609,4.45178340155609,31820,13886,1,0.000552613475944197,8,0.000165035407667279
19581,4.59000637546152,4.59000637546152,39162,17164,1,0.00038362957372908,8,0.000132939228706433
8913,6.25432903110087,4514.86183022859,17826,7755,15,0.000879386729794513,12,0.000296446483726625
13655,5.94945117352323,430.706756062895,27310,13174,2,0.000304472360675703,12,0.000157369059463504
15797,4.43043354740285,4.43043354740285,31594,12648,1,0.000956473245347189,8,0.000197512796633663
24721,3.14823728160545,3.14823728160545,49442,6793,1,0.0180340633016429,6,0.00107160995253029
18003,4.81275185285772,7042.57620206689,36006,10701,6,0.00700156794362579,10,0.000314460959627321
18602,7.40577421137298,2279.58496410783,37204,12099,2,0.0047084838170683,17,0.000254171340149612
5352,5.87132259893616,2489.10160227036,10704,4801,22,0.00114457233288368,14,0.000464486565298896
15019,5.44098580181309,418.572523194224,30038,14008,3,0.000233378187868847,12,0.000153091032194599
13269,4.73047171701242,126.032874790888,26538,11317,2,0.00117619321004839,10,0.000207225852565951
20131,4.45693444309829,207.261577321318,40262,17994,2,0.000337457346647874,10,0.000124355228087818
12107,4.46709253312494,226.180920889775,24214,9222,4,0.0012455263285224,8,0.000284749780628364
13366,5.14271059483451,616.520993728349,26732,12314,5,0.000508368792520694,10,0.000176306540485916
19588,5.01496207895147,2941.10422071194,39176,17481,5,0.000466048341589563,12,0.000128207192457532
27388,3.81462323630535,3.81462323630535,54776,18610,1,0.001403827405201,7,0.00015816883136721
5931,6.00530638770631,2709.76953481972,11862,5908,26,4.65699667179971e-05,12,0.00033989945028098
21782,4.3287522901591,4.3287522901591,43564,16734,1,0.00155852715336351,8,0.000155580145627788
8315,6.04421807865409,2638.40054909438,16630,7868,22,6.23903835622136e-05,14,0.000268669735522352
23730,4.56205415139201,449.613512431003,47460,20781,2,0.00027368372879478,9,0.000109904569209519
12525,5.98729042282546,1895.42439893867,25050,11292,8,0.000134358338166501,14,0.000196473713323064
25481,4.51454839241955,359.51913623653,50962,21810,2,0.000388771894529856,9,0.000107140839621146
20612,4.1116514358322,4.1116514358322,41224,15267,1,0.00124280837877752,7,0.000176876919450747
25010,3.30151667794605,3.30151667794605,50020,6979,1,0.0214402326338314,5,0.00102711606957794
3415,3.43436688940667,3082.48049583713,6830,3310,41,7.30410393252956e-05,10,0.000623585406092877
11665,3.43159845350536,6539.28865451785,23330,8305,7,0.00435710537527408,6,0.000338288910619807
18589,4.09315993963063,4.09315993963063,37178,14927,1,0.000553721113664088,7,0.000166866844342588
8830,6.47805475282787,4807.81229106804,17660,8307,16,0.00109538788559282,14,0.000255949662962411
17026,4.90155996734941,1318.62302634482,34052,15593,5,0.000399915087611616,10,0.000140059031764164
18450,4.56914402743888,4.56914402743888,36900,15292,1,0.000326761879410471,8,0.000157806972666447
13168,7.84771484865654,7456.34291130073,26336,12591,21,7.69660253700892e-05,17,0.000166136041926136
11799,6.87282222634395,2767.49136993638,23598,11533,10,0.000305263801830493,14,0.000177430497816833
12376,6.02127860942002,301.020849426504,24752,11733,3,0.000377211685609643,10,0.000179816347299409
21494,3.39356361095781,3.39356361095781,42988,7413,1,0.0144695327048014,5,0.000782380161046408
21552,4.36191084096738,104.070014037842,43104,18278,2,0.000585529511286595,8,0.000129028007034014
18454,5.0465911440314,90.8122249818507,36908,17260,2,0.000206826802476609,12,0.000123897941772801
23731,4.53966670578667,353.268118984133,47462,19314,2,0.000768014324564316,11,0.000127240119241219
30769,5.2940313732527,269.449820990084,61538,18842,3,0.000331805689816981,12,0.000173345442706959
22889,4.29829147695979,4.29829147695979,45778,19115,1,0.000793095156261458,9,0.000125294189404646
17136,6.20463449142691,206.840604145505,34272,15723,2,0.000197766257993463,11,0.000138642455887997
13519,4.61688960683502,887.086836813538,27038,11267,5,0.00213658098904563,10,0.000213008298121996
21669,4.21009764342146,1179.46541317067,43338,18238,2,0.000645262571586435,6,0.000130298151864219
5810,5.77039950640926,1359.47733908697,11620,5149,15,0.00179982246982723,15,0.00043837390895072
21733,4.39859012381517,4.39859012381517,43466,18114,1,0.000368215897695659,8,0.00013247835449802
11839,9.42877636414193,1565.9627189304,23678,11082,7,0.000372643756658004,22,0.000192818151701126
20053,4.55216812506062,4.55216812506062,40106,17789,1,0.000559054335949141,8,0.000126744958514333
24002,4.38891223269949,372.831830098534,48004,19803,2,0.000417973668625449,9,0.000122415774165552
23677,4.24927033644592,4.24927033644592,47354,18967,1,0.000704378042660893,6,0.000131638304330291
14771,5.03783716329681,5.03783716329681,29542,12937,1,0.000789299464587578,10,0.000176525036008908
9138,6.28763509018831,2149.50653658125,18276,8410,14,0.000412263068579482,14,0.00025842873462822
20898,4.47340853834693,4.47340853834693,41796,18055,1,0.000640804861371053,9,0.000128222366961701
13457,4.66504285854705,4.66504285854705,26914,12121,1,0.000602355527140344,8,0.000183204938759696
8024,4.80676711813516,1266.27898422486,16048,6574,9,0.00201666345653256,11,0.000371387757654307
16581,4.74006287427916,16.7318744613005,33162,14272,2,0.000744299202931321,9,0.000162817646121694
19838,4.7792820236115,4.7792820236115,39676,15758,1,0.000384533420987032,8,0.000159791344304733
12899,5.25931933315804,267.005104269582,25798,12239,3,9.94298214034691e-05,10,0.000172238270035024
20998,4.74373828480762,12.7400084861608,41996,16608,2,0.000459577292345671,9,0.000152264761023655
20481,5.26468636742767,1914.51685374631,40962,19342,7,0.000400734820376561,12,0.000109496654289391
17108,4.66508590886325,124.206283116025,34216,15031,3,0.00074212037880309,9,0.000151454569848173
13070,5.80352694472309,235.323000134339,26140,11294,2,0.00117034239565328,12,0.000204950259105268
21902,4.19314688489036,4.19314688489036,43804,16756,1,0.00116554584220856,6,0.000156026722728574
17762,5.36875230429436,3307.99238392594,35524,16553,13,0.000550899515974137,10,0.000129656611887174
11929,5.12713140089257,39.0598231236186,23858,10669,2,0.000467667326279086,10,0.000209617391414976
19107,5.1872927654995,966.591570450939,38214,17278,2,0.000541834683361525,12,0.000128014951599635
19211,4.30831977150519,4.30831977150519,38422,15343,1,0.00128081670011179,8,0.000163225385964824
13706,6.10943316980912,2032.05544575299,27412,12935,6,0.00025433367435002,11,0.000163848109001431
17335,5.28839655336779,65.1858019438081,34670,15975,3,0.000615023787450505,10,0.000135862403949454
23660,4.12235363928648,4.12235363928648,47320,18468,1,0.000883163898204422,8,0.000138748571625678
22465,4.19810859553658,4.19810859553658,44930,18392,1,0.000963746392586993,7,0.000132831817783293
24269,4.03250396973492,4.03250396973492,48538,18457,1,0.00097707071372575,7,0.00014248960534542
25617,4.15020342806035,4.15020342806035,51234,20142,1,0.000894510998663608,7,0.000126291651601222
11828,5.09803472018139,740.49386721584,23656,10264,5,0.00104412819132167,10,0.000224569276204185
20619,4.54728691841232,4.54728691841232,41238,18085,1,0.000306764860869216,8,0.00012609114336763
7245,4.91580918800929,6208.34912455037,14490,6989,32,0.000242726301822065,12,0.000296688319522141
19156,4.99356090591301,4.99356090591301,38312,17137,1,0.000202980189762875,8,0.000130463965166312
25770,4.10977412523793,4.10977412523793,51540,20482,1,0.000653492359881567,6,0.000122862937582467
23372,4.96104004717796,170.370915136704,46744,20825,3,0.000404623761076418,14,0.000107789562232884
27337,5.02132442935149,14258.079802809,54674,20015,9,0.0028823638275067,14,0.000136487022162178
14312,5.7091123587696,596.9212410588,28624,12453,4,0.000965295000369404,14,0.000184593848005023
15859,4.75415631984818,502.878281434441,31718,13239,3,0.00073744669258683,10,0.000180979021531254
17783,6.29346661790981,2287.16774513484,35566,16063,9,0.000133425188765301,14,0.000137850626183931
19933,4.52360390266183,307.75270128862,39866,17282,2,0.000662670286414038,8,0.000133487251619237
17154,5.16626606401226,211.7095726907,34308,15441,2,0.000843121337387534,10,0.000143903939213043
15958,4.60885274248454,4.60885274248454,31916,13802,1,0.000772590454103656,8,0.000167554415627411
24599,4.15034630333972,87.9315853060012,49198,17334,2,0.000770268883296126,7,0.000163747590773955
20406,4.66692289791399,312.512822726328,40812,17256,3,0.00130469839183044,11,0.000137066960494811
22845,4.24125623488278,528.4087541722,45690,18834,3,0.000883368227783476,10,0.000128812819275851
19795,4.96287898861321,4.96287898861321,39590,17097,1,0.000721282735774417,8,0.000135447527251605
23248,4.45846302808917,710.290396577745,46496,18467,2,0.00062827150934357,8,0.000136347259155877
21417,4.40828911237812,4.40828911237812,42834,18067,1,0.000801151750325594,9,0.000131232252097101
20242,4.65431629031985,1473.78626655318,40484,17612,7,0.000670244065003312,10,0.000130524104510951
18108,4.48549121983741,4.48549121983741,36216,13624,1,0.0012321642936985,8,0.000195129571078306
14012,5.55514472537959,57.4323073929847,28024,12931,2,0.000388222643488554,11,0.000167609830821369
23937,4.13911431984497,6144.04330767469,47874,19268,11,0.00191161712135375,8,0.000128958205290537
41191,3.7655616650913,3.7655616650913,82382,27954,1,0.00118920284500985,6,0.000105428965674992
31354,4.59677158981092,4.59677158981092,62708,25759,1,0.000789971519447851,10,9.45108810361663e-05
19404,5.42567407522718,478.588063223923,38808,18162,3,0.00034384322845678,10,0.00011765701659024
39933,3.84843286085387,3.84843286085387,79866,28767,1,0.000935644230672538,6,9.65134597847932e-05
15428,5.31004091710108,1597.64309465291,30856,14828,6,6.05189655154729e-05,12,0.000140347202677753
22752,4.39957417764928,139.892087752304,45504,19131,2,0.000549738878224204,8,0.000124336011842087
17802,5.16322708993209,74.9755175335148,35604,14601,2,0.000569256536095219,12,0.00016701802184688
13014,6.38385716570139,1487.124725584,26028,11475,6,0.000671905414173455,12,0.000197684791190313
6105,6.29821118999703,1293.82193191741,12210,5596,8,0.000843800696090209,12,0.000389975988210652
22501,4.3702550345515,4.3702550345515,45002,18264,1,0.000671255458949642,8,0.000134916105938278
22595,4.18204182700225,4.18204182700225,45190,17748,1,0.00126692479980158,6,0.000143472270750075
8228,5.59096552567555,2903.79293549614,16456,7987,13,0.000188791762685758,12,0.000257994999449864
24414,4.62864543562108,2721.73345245034,48828,21291,7,0.000728215696708855,10,0.000107720215734286
14639,5.61265806735394,792.382796354958,29278,13576,3,0.000332988190339416,10,0.00015886555301252
21360,5.02595791400232,170.283552771701,42720,19455,2,0.000376325450559301,10,0.000112873267496407
26787,4.44033141295327,752.784818981709,53574,21449,2,0.000970640489521425,9,0.000116455558668534
22522,4.6195628434319,4.6195628434319,45044,19742,1,0.00059102156903394,7,0.000115578393524067
11867,6.18727985224609,7847.47069803062,23734,11130,32,8.10757595061328e-05,14,0.000191610644328938
24831,4.97676453187306,957.085790675252,49662,22351,3,0.000395401092471833,13,9.94144970166342e-05
17603,4.52656237681976,4.52656237681976,35206,15378,1,0.000848111351463022,9,0.00014888303511773
15786,5.18074953342052,3973.40141468591,31572,13575,9,0.001529157743436,9,0.000171338283214498
18637,4.68636320358628,531.373957937144,37274,15634,2,0.00093133364590058,10,0.000152508329960466
13759,5.18200458301172,784.359036246007,27518,12360,3,0.000702103652464358,10,0.000180142034511752
17627,4.59534874010973,2209.51582139841,35254,15577,8,0.000655254418771589,10,0.000145301012888275
21599,4.21545931945132,248.320391160163,43198,16381,2,0.00164548861870372,8,0.000160993867116814
26944,4.76068722951308,1302.79073514387,53888,23480,6,0.000227799772219798,10,9.77494622945163e-05
13879,4.4001073083477,266.194119919202,27758,11469,4,0.00126095091626888,8,0.00021104493534276
18456,4.75907816904181,225.15492565529,36912,15878,2,0.000616493985823998,10,0.000146420988601416
8225,5.68064687219872,2558.35354373945,16450,7378,26,0.000534079945254635,12,0.000302236887356183
18773,5.14051562901458,725.477417571583,37546,16772,5,0.000351111977649152,10,0.000133481126488274
5365,6.04766741752097,1905.23457631572,10730,4731,8,0.000922239031770045,15,0.000479496711671433
34760,3.997377475929,3.997377475929,69520,24774,1,0.00155337122481337,6,0.000113275249526457
18990,4.77153089516952,298.106290303912,37980,16852,2,0.000607319904158713,9,0.000133745085079411
20037,6.38823070483537,1081.90255954356,40074,17747,5,0.00043334305758931,12,0.000127243986632529
17301,4.07072295483769,1711.03552221673,34602,12424,5,0.00069387405730562,8,0.00022418847039165
12242,5.28829296414169,552.533963817601,24484,11284,7,0.000273597111632735,12,0.000192306828325046
12261,4.72421632013128,1670.85870928314,24522,9561,8,0.00227224087425262,12,0.000268283941167898
27080,4.42109385498619,308.469449138943,54160,21458,3,0.000952512804793464,8,0.000117630627432601
17124,5.18121309293962,1812.15904770154,34248,16052,5,0.000134628022773078,10,0.000132924173620954
21510,4.8896957545726,4.8896957545726,43020,18215,1,0.000945085143579753,8,0.000129668921364661
36310,4.36061322569567,76.2193317200992,72620,20056,2,0.000367922290505519,8,0.000180546576292937
20597,3.95866808711609,3.95866808711609,41194,12965,1,0.00250567905074523,8,0.000245088210694233
25615,4.34481425914034,4.34481425914034,51230,19736,1,0.000660908634574514,8,0.000131530989913065
12751,5.85060775492521,1003.68908406082,25502,11791,5,0.000893177729863755,12,0.000183446654911176
12737,5.6396892901948,765.361599726478,25474,11538,8,0.000460225705479534,13,0.000191369938464581
23255,4.84779362505209,1992.77961825909,46510,21399,7,0.000532753166010348,10,0.000101573326937817
39971,4.07572148057219,50.0378716649449,79942,31688,2,0.000565794980700966,6,7.96157619951659e-05
17531,5.21711865546281,172.233413199459,35062,15062,2,0.00158314990353973,10,0.000154561111992217
8287,4.72803899942082,1976.07904339429,16574,6925,12,0.00216313783915423,14,0.000345661091958698
26019,4.22579391421634,286.362143682471,52038,21252,3,0.000970573121852626,7,0.000115223594221002
19803,6.03116458567005,1588.14653715724,39606,18666,2,0.000182308955763402,12,0.000113679388132447
45101,4.19294455404463,4.19294455404463,90202,24126,1,0.000637815238179958,8,0.000154975669617067
17933,4.59180657060524,102.291173793722,35866,15677,3,0.000850140568609462,9,0.000145943491181532
22654,5.85901634844699,935.177615803941,45308,20961,5,0.000268288168340521,12,0.000103126817488385
17301,5.26855075756601,5.26855075756601,34602,15077,1,0.000335288139025814,10,0.000152229961724912
30964,4.19217392239217,756.90843518772,61928,23822,3,0.00089427031685482,8,0.000109131178471414
29073,5.6554042769774,942.936372065251,58146,21043,3,0.000221870335955443,12,0.000131318276001205
27595,4.81234086290355,1317.46451568959,55190,22955,5,0.000758300925314034,11,0.000104742930312435
22387,5.22850044702784,81.0750575717535,44774,20912,2,0.000416617650743605,10,0.00010238952368432
22906,4.46544489149054,850.412385398983,45812,18061,3,0.000789800928735098,8,0.000140449343473204
29985,4.29492156713649,4.29492156713649,59970,23074,1,0.000796538842559718,8,0.000112643748553142
26414,4.24929916547577,4.24929916547577,52828,21869,1,0.000709363673698567,8,0.000110465377075325
20583,5.45437517257456,1336.54143893191,41166,15411,10,0.000165692194924506,12,0.000173342561763551
25431,4.31104901746196,497.148422829111,50862,20256,3,0.00130720736584951,8,0.000123967401413962
29115,4.78878588117415,941.94643202507,58230,24229,3,0.000463476913796452,10,9.91959029853643e-05
12302,4.41268264874869,117.90997202416,24604,9595,5,0.00125156394566941,9,0.000267276653605916
26749,5.14094057080896,661.541044989961,53498,23972,7,0.00033114014868157,10,9.30994521767755e-05
23198,4.89069340573716,188.222941049552,46396,20381,3,0.000587616738326933,8,0.000111699407927653
25111,4.22901532703707,4.22901532703707,50222,18379,1,0.00307693784425575,7,0.00014868730121452
17595,5.63073419896714,2315.22807496687,35190,16954,10,0.000103507715081102,11,0.000122433573628096
29013,4.41844366903332,533.439874722202,58026,21847,3,0.00143259457824977,10,0.000121579092026824
14628,5.49221683458498,1108.57090619532,29256,13467,5,0.000691605968460505,10,0.000161326412796374
29903,4.06111798815295,4.06111798815295,59806,22023,1,0.00175453185041821,8,0.000123313754104704
23056,4.79167390380347,4.79167390380347,46112,19858,1,0.000406594502535462,8,0.000116940465145612
24284,4.99007257757909,4.99007257757909,48568,22093,1,0.000430866826505856,10,9.95085717308179e-05
22740,5.63982825394211,765.456599997807,45480,20894,5,0.000216147641553748,12,0.000104183288440675
15464,4.53859119997256,314.811605695101,30928,13522,2,0.000749972584645295,9,0.000169161719993575
22487,4.55405277859564,1030.46559921339,44974,17965,3,0.00110464791095699,10,0.000139357789085299
21693,4.493161944528,4.493161944528,43386,17855,1,0.000835466533311435,10,0.00013609877836399
8203,5.33690089483126,3478.36038404915,16406,6399,20,0.00112934640538158,13,0.000400724929619112
31078,4.17823041861741,4.17823041861741,62156,24776,1,0.000722966407124494,8,0.000101260065158594
26264,4.44099194863028,523.582218127001,52528,20430,2,0.000591943422351252,8,0.000125856424721539
22678,5.02804222896525,1200.89953419328,45356,19985,5,0.000312666826657002,11,0.000113565959097025
22330,5.23750214208573,5.23750214208573,44660,20367,1,0.000305763162078152,9,0.000107667819040204
30631,4.45769237484037,4.45769237484037,61262,24641,1,0.0010763896515611,9,0.000100900225945882
20210,5.68436413935798,678.872360691631,40420,19227,3,0.000160183739865774,12,0.000109344223520239
32862,4.23412840243906,4.23412840243906,65724,24577,1,0.00108258697467151,8,0.000108813785500671
27207,8.85294002142117,3625.31889956987,54414,24766,8,0.000261677990288636,18,8.87189618756454e-05
23074,5.04006858364697,156.448527926799,46148,20563,2,0.000366718042935177,8,0.000109144298435761
23810,4.70968430382045,9415.10259144238,47620,14714,6,0.00602183950252232,14,0.00021996693548671
19213,6.20488389071019,6.20488389071019,38426,17711,1,0.000583834375121256,12,0.000122507741697977
21212,5.59193036045927,1169.5047712094,42424,19552,5,0.000733559592502226,10,0.00011098171963862
28488,4.05385604501465,4.05385604501465,56976,21930,1,0.00153545817826482,7,0.000118477122318459
22684,5.16587371630135,536.096624723631,45368,20785,2,0.000790377298544412,10,0.000105019627059026
28631,4.48948048779341,314.380742447917,57262,23594,2,0.000684514422912122,8,0.000102868349053826
27117,4.16925848463808,183.330610537135,54234,19994,2,0.00150158883372013,10,0.000135673173316973
25994,4.39240322260605,20.3837722400736,51988,21117,2,0.00116333517245834,8,0.000116589445557667
9869,7.33759147149591,3912.2878929142,19738,9693,24,0.000294915654122921,15,0.000210102648204543
14977,4.84469844331028,349.415451595135,29954,11684,6,0.00192305462961109,11,0.000219436516563025
35528,3.83019579387256,3.83019579387256,71056,24384,1,0.000827993879133856,6,0.000119511216616112
4569,5.72589540321347,2506.54292049601,9138,3902,26,0.00248613620786342,13,0.000600327085630766
23638,5.18571566792054,1066.65600860994,47276,20068,3,0.0013636159118519,11,0.000117396238248668
24759,4.85783398966175,428.820781089491,49518,20834,3,0.000366361993322065,10,0.000114087646656066
11725,5.94771445029565,3073.62687081848,23450,10636,21,0.000714172969588134,10,0.0002073132328788
10197,5.71775590031157,1763.63634683975,20394,8537,9,0.00260348605144876,14,0.000279861222646358
20773,5.90570013986265,2171.34543155355,41546,18995,10,0.000280764869197982,11,0.000115152530261077
20509,4.51359619729154,1114.52556576815,41018,17449,2,0.000842473184876972,9,0.000134728131126044
18721,6.20131444790548,1739.45548260746,37442,17101,9,0.000515880950549873,12,0.000128038748802693
26466,4.43308269060805,4.43308269060805,52932,20614,1,0.00143742771292763,10,0.000124570391357611
20279,6.40381867257389,375.818155381549,40558,18712,4,0.000186085146090324,12,0.000115840206572238
27127,6.50534447259617,6.50534447259617,54254,21714,1,0.00151560378761389,13,0.000115072645403039
24583,5.39425458879337,722.912722640252,49166,22785,4,0.000422066983631364,10,9.47078269510051e-05
23048,5.15559079585607,69.0420978676182,46096,20385,2,0.000259813936541821,12,0.000110933601945901
21610,4.61501882008903,4014.40219612149,43220,17307,11,0.00128300009915242,11,0.000144299979531572
31976,4.2119810532108,4.2119810532108,63952,24292,1,0.00161589887225199,8,0.000108379081093848
26330,4.61509129355718,144.160424338696,52660,22664,2,0.000585522304192912,8,0.000102524319290308
32054,4.39016756714853,4.39016756714853,64108,25138,1,0.000658264690298271,8,0.000101453739925765
25533,4.96098710276894,86.7963575336698,51066,22391,2,0.000467406689070875,8,0.000101860137330667
33943,5.18897232822162,95.0448159007797,67886,30706,2,0.000248223782758668,9,7.20025491825532e-05
23666,5.88862601160957,1424.68732848723,47332,21197,5,0.00017290001890864,12,0.000105348060671117
45516,4.4210489422368,4.4210489422368,91032,25360,1,0.000529296692422052,8,0.000141550924932481
9594,8.21293244789115,3238.3313428152,19188,8693,22,0.000713237412045483,18,0.000253945377868552
24359,5.9487447394675,1558.7811260645,48718,23157,5,0.000252261534915047,14,9.08539083550633e-05
32319,4.77650244346058,4.77650244346058,64638,28057,1,0.000431231878239,8,8.21147027682526e-05
26677,4.97879808003107,724.74072468893,53354,24473,3,0.000327561363162032,10,8.90861745456932e-05
18144,4.64708476115838,36.6038443208833,36288,14537,2,0.000928835242662922,9,0.000171728876297625
17001,5.07294433758777,74.9143797114175,34002,15051,3,0.000721720598379475,10,0.000150107574446218
43715,4.01305018933563,4.01305018933563,87430,30361,1,0.00120692335995294,6,9.48511584295764e-05
13559,4.4656021460184,236.582742722603,27118,10135,4,0.00333568214882022,8,0.000264029834456078
25444,4.73650976007598,410.887993418272,50888,22234,2,0.000415665112474383,8,0.000102943685697343
25171,4.88384137312917,4.88384137312917,50342,21161,1,0.00093440978359528,10,0.000112429069098385
19036,5.23672064525237,826.835161113098,38072,17397,7,0.000200301423293356,11,0.000125800373153143
23154,4.68495358650802,4.68495358650802,46308,19489,1,0.000856414977492275,10,0.000121926806254482
25703,5.13155508342766,492.964053585548,51406,22519,3,0.000699385977086056,10,0.00010137594046221
29496,4.39348827251434,4.39348827251434,58992,24849,1,0.000755725341736364,8,9.55416562787466e-05
22456,6.38413046293481,3159.3840270009,44912,21443,11,0.000177621202692899,13,9.76813286111817e-05
15300,4.71246473747506,1715.05869943794,30600,11113,6,0.0028151652771361,9,0.000247798047118167
34175,4.27419152914404,1699.06633566651,68350,24902,5,0.0010971975002765,9,0.000110226876714659
25963,5.07079353068945,959.741246952759,51926,22586,5,0.000717296647827324,10,0.000101794766452016
19625,5.18397687648012,616.311687552217,39250,17448,4,0.000625456942783368,10,0.000128935719305737
29631,5.07135660815097,745.977248494562,59262,26874,4,0.000411177454330648,10,8.20593059062171e-05
35263,5.05820734279114,1422.81387651049,70526,29274,4,0.000575078245065857,10,8.23000220499084e-05
25780,5.06613500989103,255.711088752121,51560,23122,3,0.000282078851486355,9,9.64452622015032e-05
33993,4.57652486777081,674.38788611658,67986,28361,2,0.000564020800438554,10,8.45262736642111e-05
29654,4.29979741998574,4.29979741998574,59308,23291,1,0.000545920980970899,8,0.000109334105193132
21131,5.03185758928721,5.03185758928721,42262,17973,1,0.0008420085731782,9,0.000130837748325632
20567,4.24640518100894,2802.27514082834,41134,14890,3,0.00416352107705371,8,0.000185541351648043
22789,7.2273200891134,5630.25896268666,45578,21998,15,0.000248013699121334,18,9.41908273261589e-05
17605,5.76959086151604,164.938233537703,35210,16310,2,0.000426456906957722,12,0.000132368525554099
25186,4.83267873828532,328.402033050358,50372,22372,2,0.000667344047334894,9,0.000100646571703074
21321,4.45805710827784,506.76242021387,42642,15194,5,0.00398571017900066,9,0.000184723396748679
15676,6.17326745355959,2194.89533358755,31352,14531,16,0.000479981776963044,12,0.000148492368144939
16783,4.57016221175508,195.566977821174,33566,13541,5,0.00124904401487381,10,0.000183075482666189
23108,4.5834289405633,433.039586270799,46216,19073,4,0.00106511755729445,9,0.000127050713313771
35280,5.74130126795487,3173.51077717609,70560,32682,8,0.000231959629746039,11,6.60624398925189e-05
24645,4.82790047491154,533.412572994595,49290,22170,3,0.000671439887478963,10,0.000100287549981258
14860,4.35241124396222,8266.42648615048,29720,11415,22,0.0025414878514433,10,0.000228105113476538
23950,4.68860379762762,88.5322363950582,47900,20179,3,0.000996410698165828,8,0.000117640742080552
27506,4.09760893435272,121.739538376492,55012,20461,2,0.00197014247626453,7,0.000131408951335452
52724,4.67079976144613,156.288630819485,105448,31684,2,0.000162689354777036,10,0.000105044192058128
25863,4.9856606371541,233.784250617218,51726,22775,2,0.00069243090169468,8,9.97266414981862e-05
29865,5.29256364337866,57.235298866968,59730,27504,2,0.000356801482060563,10,7.89617175825782e-05
11216,5.90896661603785,3356.05916909356,22432,10164,21,0.000738567179671437,12,0.000217160790720853
27802,4.63208504864481,4.63208504864481,55604,22348,1,0.000790125544901453,8,0.000111339211925183
44017,4.75890275907295,90.6449645075744,88034,35290,2,0.000809138854127133,10,7.06902349711965e-05
30022,4.36249692300746,106.13210996868,60044,24065,2,0.000849670287220604,8,0.000103684999845277
32331,4.29279218673454,4.29279218673454,64662,23779,1,0.000814799737366961,6,0.000114361600216443
36307,4.43065492248119,342.343151627877,72614,28244,2,0.000791626226311283,10,9.10297462304692e-05
33245,5.61191626158587,1875.20076567178,66490,29347,8,0.000270983159204221,12,7.72046943027239e-05
33578,4.72381677760698,128.445663043753,67156,29296,2,0.000365249968551582,10,7.8249755845288e-05
33429,4.54375278647076,132.238624423749,66858,28331,2,0.000787710013816987,10,8.3299980988447e-05
19796,4.84876605003163,414.83661129132,39592,16160,4,0.00196733335872489,10,0.000151618293211214
26574,4.79885427204574,730.867973288693,53148,21979,6,0.000944855684406804,8,0.000110024860923446
15824,4.80334044983443,1010.5783858671,31648,11784,12,0.00274151325378665,12,0.000227927988813783
11532,5.08283830742592,3451.71354492595,23064,9898,22,0.00182685913795803,10,0.000235441821829708
36592,4.31490028720636,4.31490028720636,73184,29121,1,0.000904341478773784,7,8.63015285596928e-05
16546,6.45978710357143,2466.38740772369,33092,15533,19,0.000347545374339653,13,0.000137164047355071
32672,4.52073691975677,4.52073691975677,65344,26976,1,0.00078296515843164,9,8.97980094481402e-05
23317,4.87667736594273,517.580879431554,46634,18344,5,0.00216450040979586,10,0.000138592031444991
9301,8.78081948792648,3598.85975655377,18602,8796,28,0.000740353285182512,20,0.000240457637341486
12173,5.90481030915497,3169.77498768112,24346,10131,28,0.00335685372922603,11,0.000237227950570137
16653,5.21823008174191,5.21823008174191,33306,14658,1,0.0012550696016913,10,0.000155025332859721
30814,4.71173087623621,12.7094327638686,61628,26844,2,0.000823791555283121,9,8.5526321304087e-05
39864,4.54244306654119,1145.13934593836,79728,31732,2,0.000752240706311612,8,7.91825830829271e-05
28717,4.76748217820928,96.5862832474817,57434,25265,2,0.000417088729340487,8,8.9980343883649e-05
16075,3.18660319473331,14594.7213468239,32150,15107,61,0.000104693545190559,11,0.000140881273141831
24754,4.84134049233227,4.84134049233227,49508,18932,1,0.00147091310498505,10,0.000138135508579016
24791,6.10495013813627,17416.346239463,49582,21944,53,0.000151794896132161,14,0.000102970362894125
46447,3.95248784962064,3.95248784962064,92894,28057,1,0.0024500243001382,7,0.000118010507734677
28445,4.66085101636757,4.66085101636757,56890,24601,1,0.000753925832061038,8,9.40043748634714e-05
30985,4.28922268745288,4.28922268745288,61970,23570,1,0.000865205483343315,8,0.000111552872326253
31387,5.34383127158953,97.1996194880136,62774,29270,3,0.000164647905028649,10,7.32738811903949e-05
20149,7.68734524438834,4567.60813322326,40298,17662,12,0.000675307159688652,16,0.000129189828458875
19643,4.72219527635201,619.54456141493,39286,15775,4,0.00192917211659498,9,0.000157879814664224
20711,5.13414534330536,1306.91510282613,41422,18979,13,0.000171172841344293,10,0.000115002503918406
17868,4.73343958999289,4.73343958999289,35736,13919,1,0.00246567545489216,12,0.000184468014141433
21602,6.79438962624512,16667.8148357122,43204,20997,45,3.14160287467496e-05,18,9.80009182743204e-05
19081,5.14858730953082,17006.5186683363,38162,18113,52,0.00015899481869612,16,0.000116325339998467
30214,4.45721076525628,408.852237842522,60428,23476,2,0.000712863054017023,8,0.000109649970395524
31084,4.99350604808969,840.626879134284,62168,27144,3,0.000422553712547733,10,8.4379160968413e-05
7967,7.22135892520836,6186.74064390922,15934,7728,55,0.000126782549438591,18,0.000266837453354522
33530,4.97977857601818,287.561909992724,67060,29236,2,0.000174163499677589,8,7.8458951074725e-05
17107,6.41523302614983,911.690737099273,34214,16431,7,0.000355002599897386,12,0.000126736670026037
35613,4.62310611135221,423.395063575073,71226,28054,2,0.000932806559938826,11,9.05033074876289e-05
29134,5.10773629142175,184.449407120588,58268,25727,2,0.000309462253272936,11,8.80377023772123e-05
10066,5.39173965777454,453.416259183944,20132,8776,8,0.0018060318011141,11,0.000261422631522905
30291,5.64295370614504,670.258698246154,60582,26114,3,0.000486468028473615,10,8.88409999534223e-05
19416,5.39765732678304,501.434530150324,38832,16486,3,0.00127751629359225,12,0.000142884629161733
34339,4.92999456394403,356.93551195547,68678,31247,3,0.000311701611239276,10,7.03420277498531e-05
10892,5.97783737227238,3461.00927511262,21784,10189,35,0.000188020208350849,14,0.000209853941117512
33687,4.79911640073264,544.922558676209,67374,27508,5,0.000873312362840218,9,8.90410123584865e-05
29420,4.76624291983578,1214.87647562959,58840,25524,6,0.000635332215645809,9,9.03217217361151e-05
25356,5.74148146587812,3325.33569062502,50712,23627,9,0.000243744469541953,12,9.08472860525185e-05
15265,5.55044409777975,2124.79397000482,30530,12883,18,0.00184634398770109,17,0.00018396131386966
16498,5.92257103018968,4061.42556097871,32996,14904,33,0.000764359946733142,18,0.000148554137294854
34656,5.71222785903664,586.847753200295,69312,31965,3,0.000165481570612526,10,6.78379319390344e-05
27053,4.92030060265629,4.92030060265629,54106,21286,1,0.00232721646532362,11,0.000119420178461059
37337,4.23100444521129,4.23100444521129,74674,28703,1,0.0011203409229387,8,9.06421011723211e-05
17302,4.81643622598624,1314.84843668615,34604,14584,10,0.00151353675692407,9,0.000162705701590709
22031,5.7302875924293,2219.19944836689,44062,17809,17,0.000171856338202641,18,0.000138934315341835
43611,4.66519926421715,376.122323593175,87222,28039,2,0.000517648534668934,8,0.000110947236396079
31759,4.93067843988172,698.619353698214,63518,27467,4,0.000656949876757918,8,8.41957503502657e-05
40338,4.29847794050795,4.29847794050795,80676,31113,1,0.00093339950008101,7,8.33440380152947e-05
32829,4.844142428955,4.844142428955,65658,29234,1,0.000334516127403285,8,7.68291485872106e-05
10676,5.53716248965827,1168.57678488959,21352,7552,16,0.00344928250616755,12,0.000374431268504115
25287,5.25497838056914,1168.33849979087,50574,22257,7,0.000795110160661616,11,0.000102097137462258
34939,5.14147741790984,1538.18200342337,69878,31138,5,0.000344562163265079,12,7.20730640124306e-05
33032,4.32853240704241,4.32853240704241,66064,24522,1,0.00151859229756411,8,0.000109867894068524
27686,4.73648255752155,4.73648255752155,55372,23660,1,0.000404404993909761,10,9.89188561327315e-05
31430,4.95917817339029,228.020535722501,62860,27669,2,0.000613090312831608,10,8.21113412754098e-05
36406,4.62228258798482,56.581966733215,72812,30019,3,0.000990414519884156,10,8.08025350573548e-05
27860,5.32325427067006,236.18200965209,55720,24456,2,0.000467206422165513,11,9.3166121213471e-05
29622,5.52925838986151,990.394356929319,59244,26802,8,0.000475704527409853,11,8.24757306559142e-05
10629,6.6409367234627,3982.42681749669,21258,9596,34,0.00129828811177014,18,0.000230880462829636
41944,4.4608440705294,562.319877386967,83888,33291,3,0.00133098300872311,9,7.56936076013894e-05
32556,4.66867412349983,178.097015076842,65112,27594,2,0.000809855621887495,10,8.55160149581159e-05
70523,4.18394783415244,4.18394783415244,141046,39133,1,0.000601533774445313,8,9.21055046712574e-05
63696,4.01007348203351,4.01007348203351,127392,42581,1,0.0011202400859113,6,7.02620217678353e-05
40434,4.97002142295165,609.521328848784,80868,24849,5,0.000341233662771923,11,0.00013097136323484
22617,5.24678028673447,1918.78948293554,45234,18965,8,0.00122176552660357,11,0.000125771488270364
43118,4.39471044149457,150.103348654545,86236,34324,3,0.000678291318351048,8,7.31990543044801e-05
44005,4.99295504759047,759.953210446383,88010,36431,7,0.00067257392975339,13,6.63134705187572e-05
32302,5.14198050299007,17.1374137647845,64604,26648,2,0.000500694625642617,10,9.09801119424345e-05
27411,5.10108674372367,438.572049650321,54822,24127,6,0.000704501306973199,10,9.4181635442814e-05
36310,4.56304366339941,4.56304366339941,72620,29611,1,0.000527795347444715,8,8.2825632847656e-05
38703,4.27317966025136,265.039404778914,77406,25690,3,0.00166964910863132,9,0.000117290630973318
9985,7.81688406507345,3685.23306029214,19970,9109,28,0.00213615901712548,17,0.000240704572779396
9051,5.10960217135732,5277.43990385129,18102,8093,57,0.00131188349985729,13,0.000276414706716086
34080,4.88847390253162,647.612138453159,68160,29376,2,0.000453013232024376,9,7.89876234181616e-05
43402,4.14708004129401,4.14708004129401,86804,32104,1,0.00114649729627003,7,8.42238273069149e-05
36033,5.22825378580267,85.1199100517285,72066,32654,2,0.00040116917797476,10,6.75882093517671e-05
35731,4.48471544776596,1164.29598062193,71462,28793,6,0.000947430275986733,8,8.6201816113594e-05
41399,5.17719978746469,2705.56763981138,82798,33204,11,0.000786451973037957,14,7.51021060470763e-05
60889,4.05425079302351,4.05425079302351,121778,41794,1,0.000800189816489004,8,6.97190325279162e-05
31501,4.9878808356765,452.169282329095,63002,28111,3,0.00043991966995295,10,7.97291612969832e-05
44441,4.53773805029539,455.774654586253,88882,37876,2,0.000591284700676943,8,6.19579541648325e-05
14250,6.02497147697349,2357.93156887724,28500,12739,21,0.000537517475539222,12,0.000175633872815267
41538,5.26371762440388,433.294755440346,83076,36173,3,0.000346677724374826,14,6.34919297581343e-05
35493,5.12668456758078,5.12668456758078,70986,30765,1,0.000512166811727947,9,7.50020238691675e-05
22695,8.82882683142594,11548.6538046322,45390,22074,39,0.000132391805060422,20,9.31574905758545e-05
50946,5.32906249068145,1285.18863858851,101892,32199,5,0.000298532345861074,10,9.82808280269142e-05
42364,4.26154577839905,4.26154577839905,84728,31073,1,0.00161815447189448,7,8.77555437955264e-05
38639,6.08285811359861,16.0793670630127,77278,28880,2,0.000367207553926002,10,9.26566371734045e-05
52035,4.84992431612339,214.315879642098,104070,32635,3,0.000233550004903894,8,9.77173381909752e-05
12700,6.51678052481724,3608.07339228755,25400,10369,26,0.00172060546849959,16,0.000236266339956828
31473,5.53829307384796,1069.31148173159,62946,28855,5,0.000298875752763652,12,7.5603348555975e-05
36300,5.35748874778112,470.821965013297,72600,33501,4,0.000222173582401428,10,6.46895370020142e-05
16747,5.25895268109372,1483.6113188188,33494,12263,12,0.00368016709063255,13,0.000222745518943923
40209,4.79981091379378,4.79981091379378,80418,34810,1,0.000647720422677587,9,6.63678421931861e-05
39985,4.60355804845581,48.5674399969973,79970,31188,2,0.00112874930002646,10,8.22178224395161e-05
35822,4.77859223474837,787.729076799316,71644,30514,5,0.000334388459343054,10,7.69477232415211e-05
27352,4.56887087561473,1188.33571316426,54704,20088,4,0.00105502048838613,10,0.000135571157539573
29934,5.18445956043598,162.676117536242,59868,25851,2,0.00126660467553682,11,8.95894467977362e-05
35485,5.14980153927231,903.237687899401,70970,31592,3,0.000577443366131399,12,7.11105947479729e-05
34360,5.20217575752045,329.835727071551,68720,30270,3,0.00090457925350736,9,7.5001967546522e-05
17213,5.9982809889312,1896.32495988475,34426,12891,20,0.00249383703081641,16,0.000207179623096297
39269,4.95016020800226,867.290950716695,78538,34570,5,0.000392277631117398,9,6.57194078177444e-05
44254,4.37056226398818,4.37056226398818,88508,32232,1,0.0010757804512219,7,8.51964487954711e-05
47505,4.55897105766184,4.55897105766184,95010,38758,1,0.000595141380361828,11,6.32496034138026e-05
49061,4.24673989516885,520.901597747999,98122,34408,4,0.00138858532111375,8,8.28819870988251e-05
31042,4.68447552208833,4.68447552208833,62084,25234,1,0.00144543744777421,10,9.75045099290998e-05
21461,7.19228891952031,2650.96035809667,42922,18761,21,0.000449362760235853,15,0.000121952619353149
36615,5.46651768631537,260.744643747193,73230,32358,4,0.000303997406643777,12,6.99421719497667e-05
33643,4.9978704029978,56.9433351745635,67286,28600,2,0.000488596438084022,9,8.22636225972007e-05
39536,4.82646760035221,829.147277350516,79072,35134,4,0.000424316285812206,9,6.40589611017951e-05
32507,4.94305855557716,408.878082645603,65014,27626,4,0.00118316718861858,9,8.51896026859084e-05
12922,5.84801335310402,1872.61568042404,25844,9674,21,0.00502880479994569,15,0.000276180150247388
41002,4.64381393949254,94.511402966194,82004,33060,2,0.000809111484359769,8,7.50313007082774e-05
65434,4.63127237908992,432.69220005108,130868,36952,3,0.000632267999748768,8,9.58449687109841e-05
44079,4.57203142091137,1475.23361723309,88158,36851,5,0.000686880317786593,8,6.4919469054799e-05
29009,4.54014634567138,573.302695515085,58018,22000,7,0.000801949197525562,9,0.000119877349796892
43962,4.97737428782604,534.280310349362,87924,38211,4,0.000440174319799431,9,6.02201726606128e-05
58541,4.30460099189878,1081.60246309879,117082,45268,5,0.000643697148070111,8,5.71369576554582e-05
45192,4.62462045799688,4.62462045799688,90384,37977,1,0.000711834401045415,11,6.26702870766762e-05
11228,5.87036884849282,6088.08685518065,22456,10331,41,0.000689139820657589,13,0.000210421308324657
47462,4.98925599000504,4.98925599000504,94924,43048,1,0.0002484575336658,10,5.12247870102453e-05
53103,4.8570241219597,650.347424494691,106206,32818,4,0.000494223772513096,8,9.8613884113984e-05
17232,5.17998308524621,1088.9689611393,34464,13676,13,0.00167945645044853,15,0.000184280445921891
13060,8.01183372510002,9436.36649346353,26120,12831,55,0.000123305847128537,22,0.000158666781110853
42123,4.83138789847481,829.649027772705,84246,35543,4,0.000978634657670283,11,6.66888680029403e-05
39868,5.52580221121665,4782.20724304359,79736,36397,10,0.000362526022710439,12,6.01915047043689e-05
42130,4.95295566071251,671.430546515473,84260,35384,4,0.000748520095152736,10,6.73007456552009e-05
38592,5.18049034609784,5.18049034609784,77184,33631,1,0.00059797569153799,10,6.82433964606855e-05
48998,4.57687133917446,32.5636537460517,97996,37232,2,0.00168945361617671,10,7.06947693442548e-05
52495,5.05859780414814,2160.3075336454,104990,44894,10,0.000503996832625371,10,5.20931962692388e-05
40363,4.76641911275118,112.571976707446,80726,32082,2,0.00093887622159793,10,7.84339526801821e-05
17268,5.13027761820387,2559.21827535539,34536,14263,23,0.0018343837408246,13,0.000169777729509567
15041,5.74450692069494,3398.56337542371,30082,13433,23,0.00103672908038194,12,0.000166722037463232
10192,6.41635772623809,4063.44686839928,20384,9326,31,0.00146506979027846,24,0.000234393281431197
25680,4.95789087160904,23242.9450125113,51360,24391,67,0.000123481384769641,13,8.63343470054765e-05
38803,4.78572675631978,4.78572675631978,77606,32193,1,0.000753568906782744,10,7.48834579266858e-05
10137,6.29929370153667,4251.75771203931,20274,8826,37,0.00242962859667495,16,0.000260291990763833
36377,5.36426748317137,892.559442737563,72754,30641,6,0.000880838241884884,11,7.74934828102383e-05
49585,4.43823789022664,130.217240192157,99170,37876,2,0.00108858045468237,8,6.91295235764996e-05
45338,5.28105902782203,1125.59345539107,90676,36784,6,0.000922100290816899,12,6.70171959579499e-05
35630,5.66031989994536,1310.94764196414,71260,31358,6,0.000641260609449532,12,7.24707834382346e-05
48032,4.84560181547436,631.602431199207,96064,41726,4,0.000361952033454941,10,5.51769343366969e-05
41335,4.7340326548922,4.7340326548922,82670,34138,1,0.000704865095673988,8,7.0938910051887e-05
56100,4.28461303766522,4.28461303766522,112200,41322,1,0.00127729832346485,8,6.57113970131612e-05
57656,4.56142073643196,1526.07559428355,115312,45204,4,0.000880472717637772,8,5.64326415709018e-05
39274,4.92518000488557,1019.95730751322,78548,33125,3,0.000702109710648931,10,7.15873800675791e-05
18594,7.67791578547714,14627.7081844145,37188,16710,51,0.000804725148193953,17,0.000133191317034982
45403,4.44530641618668,146.168566289536,90806,35811,3,0.000940848517503321,8,7.08098665407208e-05
21852,5.60897584614392,5523.92743023672,43704,18887,26,0.000827108323727131,14,0.000122523169211477
22553,4.98770781594518,4442.25509519549,45106,16909,25,0.00285483054008996,12,0.000157769900732071
16301,5.67274938523263,1189.81819195469,32602,14319,14,0.000787611066591029,12,0.000159019065128467
45344,4.51422090186357,450.530183538979,90688,36987,4,0.000969251965541888,8,6.62923403819106e-05
26688,5.11599444651598,500.087203753831,53376,19098,4,0.00284542082983154,13,0.000146350087868455
35742,5.22515630941325,134.936282132686,71484,31149,2,0.000819060000907043,10,7.36774474570155e-05
42749,5.31163283328796,294.369133324472,85498,35765,3,0.000553704221997913,12,6.68423392188751e-05
47762,5.98031721744192,5223.50564094817,95524,41773,9,0.000575452953566997,18,5.47433744831538e-05
58051,4.49935145625621,1179.64532269514,116102,44100,5,0.00147699843131603,10,5.96997304405636e-05
34641,5.77352055143802,1275.93384936868,69282,30523,9,0.000495686643671905,12,7.43669913192333e-05
33866,5.2536337169522,1034.66492872535,67732,29294,4,0.000897878970437435,12,7.8931684426688e-05
47163,5.19653141995835,510.020967783108,94326,41300,2,0.000386144342750898,10,5.53021263991817e-05
73007,4.22457851564206,4.22457851564206,146014,54387,1,0.000684697233973853,8,4.93642196899305e-05
18845,6.70845104982799,3505.39345174571,37690,16423,27,0.00072815746596822,15,0.000139748642137454
29329,4.99991775049832,2554.72728838112,58658,21161,21,0.0021067702941901,10,0.000131001238233941
18412,5.5376612788556,1611.6366499277,36824,14378,18,0.00273587086689508,12,0.000178141132883368
45450,3.84420996845742,634.605404137324,90900,26261,4,0.00124362680888165,8,0.000131812895987908
47139,5.1597599099443,1171.06560184798,94278,39641,5,0.000773330111124537,14,5.99973561910885e-05
30320,4.93453219857188,1348.42474351059,60640,23000,11,0.0014797779827407,10,0.000114636364151939
44972,5.18215272245806,5.18215272245806,89944,38561,1,0.000633183179893943,9,6.04904596381807e-05
39445,5.70872268817061,3328.87192155357,78890,36800,11,0.000452577859021317,14,5.82556591211718e-05
54587,4.70552959517988,601.536583069377,109174,44072,3,0.00081687430277231,8,5.62087022245441e-05
21189,5.14245159156517,8734.56125803563,42378,17811,53,0.00122744737836548,11,0.000133594393764132
55419,4.47741832646815,4.47741832646815,110838,42863,1,0.000479902417457768,8,6.03300498864163e-05
29564,4.85706548858898,301.250011043475,59128,22773,4,0.00138292758147967,10,0.000114017566619075
37369,5.48790204528235,597.795043401618,74738,34119,5,0.000360271063460342,12,6.42039300863133e-05
39767,5.66474484268379,1981.71083850399,79534,33512,7,0.00100278025161406,12,7.08214949340307e-05
37907,4.63391633974056,78.5335529307412,75814,29957,2,0.0013351277371591,8,8.4482599715755e-05
44094,5.39154281486367,1375.48286521639,88188,40060,12,0.0003917630120752,12,5.49538905900118e-05
57424,4.83030955133747,250.358811782484,114848,48328,4,0.000574496520847218,9,4.91739140387575e-05
31341,2.8269560583801,29855.5239917283,62682,30471,115,3.40935892376347e-05,8,6.75124212482987e-05
19954,5.73100506685078,4202.91539093233,39908,16760,15,0.00134092738980156,12,0.000142081603002896
47963,5.33378839588365,3043.79112823418,95926,39564,7,0.000826603476271036,12,6.12839749033236e-05
49041,4.84562839681649,770.200364231619,98082,42568,5,0.000291268596008096,8,5.41293763817693e-05
22894,5.00222482506464,390.58970401775,45788,18563,10,0.000651950339360623,10,0.000132885850746576
32149,5.40263560157221,2264.43830460533,64298,28046,7,0.000880829875607545,10,8.1746861963918e-05
69477,4.34468199400182,34.3336419659622,138954,49847,2,0.000911696232102367,8,5.59244490403605e-05
43169,5.26001861117688,1301.25896798294,86338,37832,4,0.000696438147136647,12,6.03246570781713e-05
56996,4.70188046561073,4.70188046561073,113992,46518,1,0.000609826023782428,9,5.26794995927788e-05
53791,4.65813750577098,452.736399004734,107582,44833,3,0.000636311890602088,8,5.35246331643678e-05
64609,4.34156113296224,4.34156113296224,129218,46881,1,0.00105092611567693,7,5.87947495849086e-05
56644,4.83805970020074,14.8352450975878,113288,31399,2,0.00077463358902092,12,0.000114912191669673
15977,5.66569055770815,73.5222309407365,31954,13542,5,0.000799331584581995,13,0.000174257581936265
44654,4.86687899690453,1682.43251865973,89308,33198,8,0.00233260795739107,10,8.10363002065036e-05
23229,5.73430608872212,6334.24559280305,46458,20236,19,0.000645780115707319,12,0.000113457348579571
41867,5.49666362703328,5742.25710007994,83734,37289,21,0.000707265488927594,12,6.0221561377038e-05
36334,10.7318863836573,19600.2209979528,72668,34528,48,0.000181434152726019,28,6.09555058561441e-05
47935,5.00585018052358,987.637343911198,95870,40981,5,0.000589992398545649,10,5.7085817090373e-05
50133,4.81792580006731,407.39091655241,100266,43332,4,0.000360100745624753,12,5.34006130994979e-05
17852,5.61503350214931,1404.1741495214,35704,15033,19,0.00141585480644562,13,0.000157999040393908
44808,6.08900867518696,574.614025726338,89616,39786,5,0.000302953909200334,13,5.66155739793291e-05
44155,5.27866701506234,21.2736493544185,88310,39151,2,0.000575649411689695,10,5.76149592469253e-05
18286,6.11914242843249,5728.45237711643,36572,15674,42,0.00177497537768937,18,0.000148873272510115
47548,4.56136315836369,719.565460805551,95096,36189,4,0.00120972966162436,8,7.26141211594681e-05
36574,4.41535891382244,80.3078715486199,73148,26210,3,0.000742500691150661,9,0.000106484153902182
19169,6.3501695603888,2627.81154953963,38338,16922,28,0.00138120875401357,13,0.000133891108412956
44519,5.4042676092351,1234.41485617995,89038,38849,4,0.000928598121926663,10,5.89965868356183e-05
67697,4.24634387843977,4.24634387843977,135394,46208,1,0.00182625899833618,8,6.34124414961051e-05
15147,5.06203756957304,2416.41727224456,30294,12527,32,0.00047790201017533,12,0.0001930621490982
71669,4.45204239135874,4.45204239135874,143338,53508,1,0.000937898980391443,9,5.00647463490014e-05
17000,8.77258685203931,6784.31818916915,34000,16307,41,0.000274154984224271,20,0.000127866685531766
30526,5.49422034740186,2049.29874537614,61052,25483,16,0.00103123967574248,12,9.40190437935538e-05
47164,5.18055763693525,252.387523616722,94328,40081,2,0.00080259180337611,10,5.87184205476923e-05
85491,4.29323372044736,4.29323372044736,170982,59227,1,0.000870261752116125,8,4.87436734250031e-05
53606,5.48285917561417,2039.17269350641,107212,48612,8,0.000240989255595423,11,4.53696420876229e-05
50361,5.47247500548389,5.47247500548389,100722,44178,1,0.00054470500076399,11,5.16085990200343e-05
56796,5.43359065903851,487.12719808102,113592,48036,3,0.000835203643963994,12,4.92292381629776e-05
64674,4.53599407725082,2549.1264924141,129348,50062,8,0.000645203009948955,9,5.16121560173277e-05
63092,5.50932498067074,1841.76337596479,126184,51741,6,0.000526368479218791,14,4.71349496873709e-05
32123,7.56481726526334,8863.6626561066,64246,30262,30,0.000178053130235427,16,7.01560600075403e-05
45564,5.40976587737235,2646.79209952916,91128,36770,15,0.000841146599804844,13,6.74025597987474e-05
34642,4.68808470162344,8841.45397365074,69284,29268,20,0.000254639566040197,10,8.08838283938699e-05
62947,5.33885054488298,1218.28211333229,125894,42220,5,0.000193310071067338,12,7.06283175783164e-05
46537,3.97585430551111,2029.35403311966,93074,25387,3,0.00169112914898224,8,0.000144418463478972
48658,5.18746886450239,997.581359965578,97316,42712,5,0.000384572419098136,10,5.33451084180072e-05
62950,5.07022409265669,1867.84660859466,125900,54279,10,0.000229279117780181,12,4.27336565739701e-05
53737,5.15480496890592,1673.1858284759,107474,46058,6,0.000685947768355279,12,5.06643752167669e-05
21934,6.07193030560921,3708.23578621871,43868,18484,27,0.00153397814116171,14,0.000128404253823235
21341,5.94731157381813,5861.72562377748,42682,17782,42,0.00227451725687673,13,0.000134991981921587
49862,4.82646911964739,158.6017606161,99724,41131,4,0.000680245643369848,8,5.89483579601028e-05
48672,5.12044405341656,192.672132252417,97344,41143,2,0.000940370638312191,10,5.750794285039e-05
74979,4.32374183389698,217.868027500638,149958,51804,2,0.0018228269281189,10,5.58793613217723e-05
60870,4.68465154478565,4.68465154478565,121740,48916,1,0.000882068659413351,8,5.08792034177384e-05
25366,5.47852627814686,2669.65744748214,50732,20362,25,0.00201179848835798,14,0.000122366474218058
23902,5.87104994990435,8348.55758076881,47804,20163,47,0.00133186155341035,15,0.000117591377323716
49305,6.02991302271982,823.056598295202,98610,44814,6,0.00047753390256623,11,4.91024577140972e-05
28910,5.13540176419834,1808.10545639024,57820,19834,22,0.00293159690877162,10,0.000146987149087947
47665,4.73501928245249,1055.48146383683,95330,37633,7,0.000889260286332621,8,6.73136983914284e-05
67436,4.91586753387565,294.329915213003,134872,56379,3,0.000639498655599969,10,4.24321232526254e-05
65989,5.15549223639583,314.457081991436,131978,53956,4,0.000785168712436683,12,4.53346325382051e-05
81747,4.47024168930464,4.47024168930464,163494,60958,1,0.000868569642035735,11,4.39994780517713e-05
28626,5.58532057556121,6583.978574161,57252,23936,31,0.000887658984357712,13,9.99322474303735e-05
56892,5.61392832601276,153.435263804471,113784,50699,3,0.000607837269874214,10,4.42681096175969e-05
23337,6.272847896468,4523.94532448133,46674,18829,36,0.0022221590434903,19,0.000131656885401237
61509,4.96302164583551,324.171392773066,123018,51086,4,0.000854173939973587,10,4.71382402254739e-05
70042,4.51002485696988,2637.11248294215,140084,53751,5,0.000940057475803659,9,4.84867993802603e-05
71097,4.9062602718867,4.9062602718867,142194,60115,1,0.000400669405130131,12,3.93480117959691e-05
59291,4.89885340311112,1407.86307149057,118582,49536,5,0.000737765689999623,8,4.832653627052e-05
58620,4.81191408508307,1246.16594477461,117240,46910,5,0.00158526507487567,10,5.32787714602418e-05
47167,5.34163331628773,973.404350170814,94334,41432,5,0.000495741664303044,10,5.49549650778074e-05
65595,4.74584299410124,1021.41000089526,131190,51267,6,0.000841882163816897,10,4.99152665236557e-05
60580,4.7047877670778,258.034744515461,121160,49544,2,0.000768132693262805,10,4.93612213076249e-05
22243,6.79554895272879,6134.0098609588,44486,19556,36,0.00116573391557725,18,0.000116328334068742
77885,4.66773869902038,474.864018809025,155770,62713,2,0.000703249578454975,10,3.96073322822544e-05
26097,5.7452359662366,1298.29135002287,52194,22151,23,0.00112146393248822,12,0.000106378414602095
65504,4.93452681325916,2160.13868096051,131008,52742,4,0.000821494628030995,10,4.70969585792322e-05
33663,4.63566651272793,1169.79742701735,67326,22997,9,0.00251788795336093,12,0.000127309064710226
27549,5.99502656300184,3639.65766250244,55098,23378,27,0.00125256471400263,14,0.00010081837741493
26445,5.98242077735718,3194.70614786711,52890,23186,27,0.00110928956150422,13,9.83876608144828e-05
74072,4.55415965008432,1490.65615130385,148144,57257,2,0.00066015579187684,9,4.51891813058843e-05
29991,5.53775862935717,6561.32829758976,59982,23897,31,0.00140709207383936,11,0.000105039428294113
17335,5.96310836084693,6760.65795978871,34670,14717,52,0.00202445749985133,15,0.000160082837119633
53853,5.11067247966842,1334.45008097567,107706,47120,6,0.000558109738181989,10,4.85108127235269e-05
17570,6.63446217522926,3180.57144104363,35140,15819,31,0.00124897011363572,16,0.000140433642302533
68413,7.46456476322734,12590.5637651744,136826,44072,16,0.00366541436520991,18,7.04454530435403e-05
19811,5.7921968885934,9593.04926712492,39622,17707,59,0.000840103279829786,15,0.000126377845286891
25871,6.17867016562191,7220.21261239937,51742,22050,48,0.00115371726399642,21,0.000106425505180227
59630,5.0722433140238,1041.44627326293,119260,50427,5,0.000626247899972926,12,4.69004655424525e-05
52079,4.66278279902335,4.66278279902335,104158,42173,1,0.000726801936362122,8,5.85644323874466e-05
67864,4.58084928620236,407.36615287679,135728,52723,4,0.000800865254381746,10,4.88289582355791e-05
29225,5.27165261266527,1555.01380692246,58450,23035,16,0.00191270831534298,13,0.000110160763284234
49745,5.0047166231611,252.386515216373,99490,41525,4,0.000913016978773647,10,5.76993083680352e-05
71510,5.33174397303459,2789.20177278892,143020,59737,12,0.000317373342266805,14,4.00790322870967e-05
50475,5.27265785355126,1426.30781849675,100950,43249,8,0.000505072116188636,10,5.39714672404325e-05
61874,5.0223448463686,242.577983483768,123748,49963,3,0.000632064454187471,12,4.95735324184731e-05
74888,4.78262771311418,3375.55110148341,149776,60742,11,0.00091407172899463,10,4.05948744761223e-05
70024,4.70914335462484,4.70914335462484,140048,57212,1,0.00057806225498257,9,4.27868428717953e-05
18880,5.82653898862242,8220.36481010348,37760,17227,58,0.000975330524675958,13,0.000127244168774805
35360,4.85892453713104,2873.60218157995,70720,26039,16,0.0018534533874406,13,0.000104306248975872
18220,6.28007712819465,4053.21335394832,36440,15137,37,0.00155041376296687,15,0.000159047716549664
73959,4.71125868505712,743.395911234392,147918,56692,5,0.000712422757734513,8,4.60240814766295e-05
28198,5.81461006325299,4347.51259928806,56396,21811,30,0.00191671704497044,12,0.000118554231192649
80333,4.72347293611312,534.534167727835,160666,61461,3,0.000457172805208903,9,4.25335667874606e-05
33102,6.10541260921499,5619.63187991002,66204,23240,31,0.00450956290652172,15,0.000122583119850385
33684,5.28882365140716,2697.23462657562,67368,26083,19,0.00219547092960288,12,9.90273648293448e-05
59770,4.88096632423785,628.870511174182,119540,49155,3,0.000813291384545905,10,4.94751005960947e-05
21715,5.87075511140633,7838.09164035936,43430,17722,51,0.00359574112998003,15,0.000138289393383116
77626,4.80168943789102,4.80168943789102,155252,63516,1,0.000567285276807634,8,3.8483783355783e-05
73513,5.15352049240193,618.529626184403,147026,49348,6,0.000630295628278246,12,6.0375929596763e-05
64019,5.00496501207468,2240.10150763692,128038,53486,7,0.000632449001860807,10,4.47575969997903e-05
30648,5.34474890302116,6053.35002122246,61296,24506,39,0.00148188726671853,12,0.000102071617887265
65396,4.93752410237854,144.747319493743,130792,54418,2,0.000644495811431252,11,4.41676211525578e-05
38617,5.53486538833378,3748.3789934873,77234,28649,20,0.00222973976670429,13,9.41032781003763e-05
24008,6.3589742639997,5745.69463680298,48016,21781,34,0.000296683700822074,16,0.000101216260420905
80099,4.60647790387694,4.60647790387694,160198,64034,1,0.000792917299197596,8,3.90699278108126e-05
29612,5.84892879575562,2834.78687405353,59224,24086,19,0.00196443828120438,14,0.00010209075220409
36925,5.51737280073662,3811.58602338877,73850,29123,31,0.0022332846930212,12,8.70749416091477e-05
21394,6.11915856806519,10693.8474476392,42788,18704,81,0.00185663719541954,11,0.000122314014206218
26936,6.61645657870179,7463.63090751154,53872,24903,60,0.000603001505537455,15,8.6871476234222e-05
75167,4.80027783060015,800.142903758035,150334,60755,4,0.000849230239553083,8,4.07286777505777e-05
66717,5.35324193173324,2379.24225762827,133434,59207,10,0.000560928861331285,10,3.80651660226135e-05
22828,5.01724701445685,16769.0260471944,45656,21241,108,0.000439998174204522,14,0.000101197174813199
49180,5.13258864677691,3436.80256816026,98360,35294,36,0.00164961765749069,15,7.89639859533955e-05
19423,6.38181141193781,5043.75866826623,38846,15469,56,0.00341094209259769,15,0.000162349106565024
29156,5.23137110458798,2261.35443009831,58312,23626,16,0.00108487284339291,14,0.000104471040558402
34931,8.92782844543253,30660.3232708684,69862,33980,113,0.000109063265918489,23,6.05071986348387e-05
75667,4.57686824802853,349.564672782707,151334,60356,2,0.00072903052511948,8,4.15434736527153e-05
77565,5.2376321338585,1117.02244881019,155130,62327,8,0.000950417129831894,16,3.99346896557777e-05
66209,5.57858560214275,350.70915671347,132418,60539,3,0.0003991669316108,12,3.61313103596988e-05
23181,6.15606273560688,10604.0162788005,46362,20842,62,0.000780739330375978,15,0.00010673435192834
136908,4.74302032298786,4.74302032298786,273816,77366,1,0.000344322962182529,8,4.57471611030095e-05
97709,4.50503557156574,417.470139022777,195418,72573,3,0.000739710873213389,8,3.7103971364102e-05
33154,6.14445892302444,6383.32871658926,66308,26475,51,0.00245668338877179,16,9.46041951969838e-05
27447,6.05471282494191,1755.64217563886,54894,22718,22,0.00146758943844105,13,0.000106366239350205
32930,6.07181584288156,6482.74486472778,65860,26967,44,0.00146801414672484,17,9.05675378039918e-05
80542,4.91488229853998,674.293450043893,161084,65627,3,0.00028674545806015,9,3.74019219265171e-05
35560,5.38466463593494,1504.33781865889,71120,25654,11,0.00298287389731118,14,0.000108068343964557
14016,7.48057216010027,1484.68736678363,28032,12782,32,0.00169787642412461,18,0.000171589392411339
74350,5.13472883064409,666.568490204145,148700,60238,5,0.000906381461059397,10,4.09804846230631e-05
70096,4.76086228336053,782.779266143194,140192,54104,6,0.00126026883301817,12,4.78930515908603e-05
57776,5.48286568699478,2342.77228362131,115552,43411,17,0.000862032526437971,13,6.13179872377057e-05
64045,5.97395380033307,299.343996165134,128090,57333,3,0.000671426588716648,14,3.89684800140934e-05
34695,5.36543843620578,4773.86422972149,69390,28544,26,0.000949263586095524,13,8.51691743823221e-05
25395,9.95103771596258,5731.21088246034,50790,23723,41,0.00093080950648845,22,9.02520971902391e-05
47121,7.28297775065635,4329.43569748797,94242,41260,20,0.000493111612965838,15,5.53600626297937e-05
69637,5.27959021321292,386.422539862499,139274,60306,4,0.000617353620118715,12,3.82962459540801e-05
81662,4.53689552108242,246.162412663433,163324,61313,3,0.000735770892088361,8,4.3446216131764e-05
52021,4.90239468468383,4223.37497306221,104042,33843,9,0.00205970210247706,13,9.08413996352371e-05
33073,6.59185809749073,6770.631799348,66146,27929,51,0.0020191474722849,16,8.4802443204722e-05
80506,4.84076910626092,506.853649243467,161012,64886,2,0.00062650152694922,10,3.82439668801432e-05
70378,4.91806278210309,1203.26774972067,140756,58156,6,0.000694456787521615,9,4.16183950822572e-05
77422,5.05591370032261,966.479329236019,154844,63404,6,0.000739005679199087,10,3.85183714348179e-05
43652,5.6190855826565,3301.23211473238,87304,31944,27,0.00188768914826156,16,8.55596784088211e-05
78554,5.1915020817737,3340.15378034565,157108,61945,18,0.000674582617009787,12,4.0944238329847e-05
34902,6.34912376757156,8442.05110759622,69804,30371,70,0.000775009414534731,14,7.56791814609814e-05
81613,4.55070415142728,4.55070415142728,163226,62990,1,0.000585025130206356,9,4.11389322958289e-05
69813,4.65851857230239,614.246580801393,139626,52873,5,0.00143916903888382,9,4.99466776129397e-05
83142,5.01080968711549,662.71994880573,166284,69587,4,0.000544461673862147,11,3.43400146786443e-05
69976,5.0509155965654,1290.15050769224,139952,56377,10,0.00136371861765126,10,4.40334677612631e-05
71482,5.1115391589174,491.82449028336,142964,59214,6,0.000591016963186783,12,4.07741791257261e-05
110866,4.52184211948464,1876.73357499026,221732,82623,2,0.000754737267380269,10,3.24811734609999e-05
40591,5.53167762872667,6169.22535917098,81182,28119,50,0.00351949117659243,18,0.000102677538338764
34775,5.4537015962534,5047.54138594389,69550,26589,33,0.00225427716034895,13,9.83805984848126e-05
99306,4.57411974855591,4.57411974855591,198612,71639,1,0.00109711742036645,9,3.8700138307925e-05
26292,7.2139636304637,3384.24007109024,52584,23396,32,0.00083815836376073,22,9.60702580081294e-05
27101,6.36058093363125,6630.83047113111,54202,23272,41,0.00209897677252458,16,0.000100084438605145
74508,4.59750069795441,1004.97276512992,149016,56176,5,0.000841849733408559,9,4.72214162698275e-05
134035,4.71939254539288,433.640128059833,268070,68422,4,0.000680702104253656,11,5.72615411366696e-05
38291,5.30015625742744,2823.80980966549,76582,27308,28,0.00187619661224508,13,0.000102698197127531
21432,7.06295269516799,4829.38482950239,42864,19753,48,0.000807881173558635,17,0.000109862266795655
36952,5.78505064397491,10270.565822423,73904,31440,72,0.00102916237849009,12,7.47681584120208e-05
84196,5.00567168101041,276.441315592149,168392,67474,2,0.00114002864396577,10,3.69874999870461e-05
34528,6.27970727895877,7229.99243236205,69056,28278,53,0.0014279461012084,17,8.6361344846135e-05
40626,5.9037024867881,3720.45737170715,81252,32535,38,0.000977885105386632,15,7.67619124871684e-05
22543,7.38763165843935,8663.57897875681,45086,19622,64,0.00157678277795717,18,0.000117105501303519
78680,4.8508372982749,1132.59890096804,157360,62933,4,0.000706651057050708,12,3.97323614799062e-05
28431,6.53377498471296,6875.6835287446,56862,24631,53,0.0012570220638468,15,9.37293650381952e-05
29930,5.77206627076851,1213.27978569863,59860,25310,13,0.00138522866354671,15,9.34479076075261e-05
71796,5.03011371258384,620.939975475083,143592,59158,7,0.000789717021211405,10,4.10308599986818e-05
24881,7.37277892271334,7095.81964106127,49762,22952,50,0.000766438213365014,18,9.44660331490464e-05
53363,5.14155154992132,1903.053484943,106726,35603,13,0.00116208538775216,12,8.41994476653192e-05
100981,4.88261546326226,426.153537910755,201962,79437,6,0.000980685861179354,12,3.20058570607489e-05
107351,4.46026829710838,1506.28289008593,214702,79136,3,0.000887639231936115,9,3.42841501637793e-05
55304,4.65877458519794,1402.79892296766,110608,37959,5,0.00096026736682158,10,7.6765919334257e-05
50616,5.58329140264405,2864.70165238983,101232,41974,28,0.000857904199860577,14,5.74602415876897e-05
44721,5.70498538413774,4140.39441539201,89442,34932,26,0.0015338004380381,14,7.33005159575474e-05
101009,4.65481270357056,1736.96003671418,202018,74589,5,0.00122678086140163,9,3.63116781519726e-05
45492,5.98760488963545,11259.1316351722,90984,33338,42,0.00237311021584112,14,8.18651324561629e-05
83741,5.13023347227142,710.801025813692,167482,70098,7,0.00067879421815817,10,3.40849828514756e-05
67325,5.38378630073107,1110.15422346053,134650,54824,6,0.00117034863003236,11,4.47994664622763e-05
34573,5.82786362181619,3570.46414956761,69146,27492,42,0.00329988855662744,14,9.14892755690588e-05
52740,5.52330587000937,2488.46582079158,105480,39848,24,0.00175726375872652,12,6.6430567508957e-05
86786,4.89308087141065,130.792861422682,173572,72323,4,0.000557628996877898,10,3.31843111922764e-05
33328,5.722493577882,11379.002978728,66656,26851,94,0.00249226233305439,12,9.24558708597213e-05
34501,6.44558860319225,2752.53628744017,69002,28827,35,0.00163400101334881,16,8.30381850664408e-05
52408,5.87426889930626,7190.30986157234,104816,40662,35,0.0014634610787932,13,6.33958443963515e-05
76954,4.95827238182892,1321.00887791743,153908,62924,7,0.000857895957025425,10,3.88718716282267e-05
35018,6.26248933699107,2562.14362642053,70036,28867,20,0.00295312086856435,15,8.40491013899854e-05
102539,4.72414162459913,62.7004501414258,205078,80110,2,0.000666488181075521,10,3.19558983608588e-05
76937,5.5912887214991,2198.56430742821,153874,65654,11,0.000921764134689057,14,3.56984596229976e-05
69988,4.59876791721475,6500.15972243524,139976,48360,20,0.00108550294835028,11,5.9853558385039e-05
88810,5.34055830803868,95.2930665591176,177620,75223,3,0.000499695518652925,13,3.1390363132292e-05
28234,6.2804506453901,8916.17808723428,56468,23746,59,0.00203599915478425,17,0.000100147420734819
50039,5.48703748961668,853.565803216502,100078,34711,15,0.00256687974217582,12,8.30647722042122e-05
85923,5.58053090225243,1782.13876133359,171846,71866,11,0.000620723269306401,12,3.32735029489675e-05
81559,4.86450795357526,702.439349978266,163118,64329,7,0.00111411101604198,12,3.94180411441201e-05
48634,5.99893259509942,9708.5432887317,97268,40195,45,0.00173635124331302,14,6.02055772753792e-05
104017,4.66541827418972,526.786418876397,208034,74083,2,0.00129581193354446,9,3.79055724935222e-05
50343,7.34911083859688,12553.4684071466,100686,46512,72,0.000663166196701184,15,4.65423594880038e-05
62987,5.51600464768509,1325.8592959506,125974,42735,17,0.00364468184613272,15,6.89800755322354e-05
107294,4.71546940408046,541.125552604841,214588,81727,3,0.000832639547130195,11,3.21276996765468e-05
35627,7.81391360633287,5651.26922096066,71254,30039,59,0.00191603916786993,22,7.89682957841381e-05
35827,6.70709702954181,6326.9057197699,71654,30692,66,0.00162172966559593,15,7.60683875845436e-05
87044,5.46463141171041,1799.47324777611,174088,76580,5,0.000521186503130203,12,2.96854600017364e-05
50142,5.65844209621041,5251.97082805886,100284,36303,46,0.00387455679660929,16,7.60954308090185e-05
52692,5.16387701057893,8744.64151995363,105384,39534,45,0.00163527370091522,13,6.74286008991061e-05
52619,5.52295727462106,4434.12297715715,105238,42917,40,0.000998446447132633,12,5.71378629685215e-05
45210,5.95282459263745,4223.00448239765,90420,36670,29,0.00134877284604448,14,6.72441527873716e-05
45836,7.98322835040659,13765.8278545937,91672,41671,82,0.000397322338668409,20,5.2793357582964e-05
38467,5.32427632512307,15627.9675806053,76934,30691,98,0.00186289262454993,13,8.16789950096867e-05
113742,4.56669237980536,202.319123148241,227484,82027,2,0.000855213930825801,9,3.38097916286597e-05
97987,5.43427025106415,3858.65205662452,195974,86331,12,0.000515776137598136,14,2.62948044033803e-05
39388,5.6072535492035,475.559249002877,78776,34987,11,0.000400867518424488,13,6.43565757152278e-05
46024,5.93950272208441,5834.98321849826,92048,36319,37,0.00231637499271649,13,6.97844323495173e-05
52549,5.90137424360008,5840.96781994623,105098,42157,36,0.0022188989908656,13,5.91378263779995e-05
60088,5.0718570085578,238.720433613287,120176,47622,10,0.000595253893493845,11,5.29921576730536e-05
92905,4.79142777783797,76.7595913577342,185810,71204,3,0.000777253933488036,9,3.6649360386747e-05
34126,6.14582524225746,6800.03168342218,68252,28663,34,0.00173599966612512,19,8.3078232207301e-05
158670,4.4797378773964,146.382574867271,317340,108846,2,0.000608853218388959,8,2.67857530150134e-05
68342,4.78214475071682,18.779652200732,136684,50930,3,0.000831644508173884,10,5.26961461310967e-05
66468,5.32116168206239,5113.08712132708,132936,47419,29,0.00215144269776776,12,5.91217095400417e-05
31242,6.87442836242238,3346.08555720199,62484,26723,29,0.00162759542762806,17,8.75013296255833e-05
93194,6.10670605632025,1621.02401313816,186388,82601,14,0.000277066510897263,14,2.73182324329159e-05
57655,5.80041758454211,6556.17034235901,115310,46100,49,0.00113083713863758,13,5.42593444204468e-05
51546,4.87215451210254,19000.2337920475,103092,41017,136,0.00115753582872497,12,6.12784494884615e-05
44852,5.89559432235724,9398.15308898308,89704,32175,60,0.00405940434745781,17,8.66539164543765e-05
122504,4.93787507568345,1852.34994157155,245008,94853,11,0.000736577683706474,14,2.72321983262478e-05
64271,6.2469482754816,5253.75328182356,128542,51514,38,0.00174331627314615,17,4.84398663586663e-05
61150,6.23885468929154,8556.51667952413,122300,49919,65,0.0013110900131109,15,4.90798699807386e-05
109613,4.72963783296647,4.72963783296647,219226,83934,1,0.000666062171043463,8,3.11186962113376e-05
50774,5.79764604411856,3899.91948664684,101548,38514,26,0.00297362512821444,13,6.84613405137945e-05
55197,6.00799700188963,3054.01832179596,110394,45284,22,0.00139672347863189,14,5.38350966296826e-05
69371,5.05011796204777,697.37942856975,138742,55254,8,0.000380656578599941,13,4.54452360957711e-05
88096,5.28491815451829,2571.68650153221,176192,72489,11,0.000757012452793224,12,3.35311122384877e-05
132185,4.67735090928906,1315.25006867807,264370,89556,3,0.00149913936443436,9,3.29630694248675e-05
117398,5.14569484735103,1703.30167229533,234796,94075,7,0.000757354097933069,11,2.65305868442624e-05
58517,5.53998811756312,2812.43481129857,117034,44229,30,0.00202062855808954,12,5.98284329075189e-05
42163,8.60274667326073,15104.7806842147,84326,38406,93,0.000536896260007594,21,5.71708505029446e-05
55289,7.51778661880431,6219.5263601794,110578,46528,50,0.00183151402859104,18,5.10798125854893e-05
62337,5.64197828573459,4511.05571375471,124674,45837,29,0.00189384495892623,13,5.93407453662543e-05
44464,5.77412568921539,16214.6728919818,88928,35068,75,0.00225864981434701,16,7.2315087139371e-05
134024,4.89605198348063,28.8924028461892,268048,104544,2,0.000758551364436937,10,2.45255355592729e-05
52523,5.05121039888232,2049.05886782436,105046,42090,10,0.000748308103704644,11,5.92968996261026e-05
108005,5.18616945776047,1200.00365562426,216010,88344,6,0.000538663225007757,10,2.76773594845047e-05
91348,5.64715349762555,1731.22352503075,182696,77246,9,0.000769885334491475,11,3.06184119292468e-05
151785,4.73601087524004,4.73601087524004,303570,115095,1,0.000772116710785799,9,2.29165749412958e-05
108169,5.09518483895125,1023.16833126195,216338,88269,5,0.000799367763202513,11,2.77665113630797e-05
72625,5.76769429769855,1779.54916294545,145250,56796,13,0.00103146636795489,14,4.50285836488884e-05
98307,5.17639367967437,258.854640758814,196614,79370,4,0.000922817961656759,10,3.121096164328e-05
61559,8.9960516970029,8266.51847615297,123118,56092,65,0.000347044439297428,24,3.91315854282202e-05
78882,5.16670054365924,2443.43740987558,157764,56413,27,0.00227304935512835,12,4.95743713856019e-05
56559,6.64523491166697,6331.33546187223,113118,48162,61,0.000722862646950428,17,4.87676365475134e-05
65674,5.55619352772111,4632.03586543877,131348,51378,31,0.00157185738293846,12,4.97596742373525e-05
82192,4.74358699416426,654.528094741255,164384,59560,12,0.000826458650565428,11,4.63401523923019e-05
171879,5.5063879380048,3227.5808880743,343758,102326,22,0.000333087277643519,12,3.28310719634189e-05
116960,5.11538693456995,1854.56201647959,233920,91757,12,0.000957234625228377,13,2.77839300374074e-05
67307,5.49307595850394,8150.42299410549,134614,48585,40,0.00420812686993811,12,5.70288684000589e-05
51696,6.38143840174822,10048.0937107035,103392,41453,52,0.0017618908538098,16,6.01707577105789e-05
66785,5.8746729627533,7213.87558436646,133570,49582,54,0.00230061048485903,13,5.43337403657404e-05
66047,5.53815418953188,1822.93548399648,132094,53287,18,0.000763384415074453,12,4.6520963448667e-05
63633,5.79760929260864,6985.72010923065,127266,47394,57,0.00304849811459016,14,5.66597729051406e-05
42212,6.7029369501402,3078.63774584936,84424,37033,26,0.00120911246060851,17,6.1560177330878e-05
39044,7.12260847385954,7129.02108482616,78088,33626,81,0.00203416319332633,16,6.9063216041225e-05
57893,5.88352319732738,5307.72294655184,115786,46065,43,0.00156813357787232,14,5.45661519183952e-05
47365,9.94907481324785,16495.5405940741,94730,41652,139,0.000767754172498414,22,5.46042246485658e-05
58979,7.07425737492225,8005.99657382679,117958,51095,45,0.00132852779325824,17,4.51834192747698e-05
38576,6.67827206698396,10747.1871560221,77152,33112,73,0.00173767347839984,16,7.03703122392193e-05
75701,5.60996873855553,2501.8807429629,151402,54832,29,0.00269065161816949,13,5.03583345311407e-05
105436,4.42466300838458,653.799193858703,210872,62446,3,0.00181371023843758,8,5.40775020473643e-05
113833,5.27065342913311,1123.19233805479,227666,91432,8,0.000977268599221547,12,2.72336898849269e-05
86784,5.41741092020365,3517.20757650555,173568,64338,17,0.00131373090626547,14,4.19315867174051e-05
49145,6.19060180299464,5515.53982012413,98290,38436,43,0.00269215726911712,15,6.65340966836479e-05
76262,6.5784510808485,10089.3575555762,152524,57673,80,0.00248705923226202,20,4.58564711526213e-05
122555,5.27347471816785,1452.51518053096,245110,102550,6,0.000519075624798626,11,2.33074056868672e-05
46245,6.80401718294964,10526.6965823233,92490,39913,65,0.00148066956355753,16,5.80599846156672e-05
129158,5.86988340273081,5020.49922411504,258316,114431,16,0.000337656662760443,14,1.97273030345396e-05
87923,5.28259620799106,7812.50761102237,175846,63147,35,0.00207159718462371,12,4.40995264242125e-05
86214,4.84907253223507,1014.88304198598,172428,60937,8,0.00156561045399561,10,4.64357836029273e-05
37574,9.2988820382716,22192.8563575038,75148,33656,141,0.000921433309561107,27,6.63445622337738e-05
156365,4.77929463938865,1910.15300372709,312730,114179,5,0.000822304315280203,9,2.3988377707477e-05
90220,5.18380868588606,605.296176179112,180440,62643,8,0.00171150769820158,12,4.59827197642475e-05
71031,5.48680222082891,1687.68434573686,142062,58537,20,0.000588748568614039,13,4.14595344682456e-05
65701,6.11474542162181,5927.59374041415,131402,48070,30,0.00325324223885813,16,5.68673205590589e-05
61349,6.18342832440501,8020.44799378194,122698,50171,59,0.0015765578507279,17,4.87461842031049e-05
132926,5.10172036741785,1724.8939763868,265852,105998,5,0.000864149122704679,10,2.36618494694062e-05
65634,6.37973652676235,10275.937780958,131268,55874,70,0.000831342989751688,14,4.20481714407311e-05
60214,6.69134632420334,5260.54245966773,120428,50961,46,0.00201374914875052,16,4.63724576281237e-05
43834,6.65945070016993,8873.07640639244,87668,36339,73,0.00337141523316881,18,6.63906784022134e-05
110379,4.5955535543716,76.5643832747325,220758,71696,3,0.00109355469330861,10,4.29469824930825e-05
70206,5.81985425770971,9019.03909591566,140412,55204,63,0.0014355811595399,14,4.60755998724343e-05
55623,6.77060089850859,7512.49045999946,111246,46030,55,0.00214029162091125,17,5.25063573089474e-05
56525,6.22622990748328,4686.54103692494,113050,46493,41,0.00196794673614504,15,5.23003707155756e-05
67894,6.70307171141469,9682.93629578515,135788,55299,64,0.00138249128635395,16,4.44052878589071e-05
75079,6.0296849802341,2483.88990278983,150158,59708,33,0.00122017937568364,14,4.2120226755836e-05
73476,5.65073640160362,14569.4860410769,146952,56294,86,0.00159081058798862,14,4.63723386094508e-05
74036,5.80151625009687,6557.47271482742,148072,55776,34,0.00247433855360817,15,4.75977033574523e-05
146167,5.01530160123406,1372.22417799137,292334,114867,10,0.000852455378603256,11,2.2156061019909e-05
79988,5.66829605365561,2264.15047930116,159976,58276,24,0.00262169426992194,14,4.71067146885666e-05
64012,5.94298399986151,18837.7248726065,128024,52330,118,0.000699422659860042,15,4.67517876841898e-05
137788,5.16622880246717,326.836717063957,275576,111590,5,0.000693136646582845,11,2.21306784843239e-05
74868,5.74007179689725,1518.53859124681,149736,56936,21,0.0023379189260559,15,4.61912749427363e-05
141686,5.09960138941342,1733.66124502393,283372,90572,20,0.00132046603309453,14,3.45440946259256e-05
73002,5.79529003608073,6298.5482096193,146004,57328,44,0.00191571324055464,13,4.44261571106089e-05
90711,5.26646183502535,1380.38232479637,181422,66826,25,0.00107860056774954,13,4.06261358585304e-05
46576,6.45505749229178,8375.85855682504,93152,38634,71,0.00222491319625234,14,6.24114214852345e-05
96902,5.20965286910649,1393.7004933086,193804,64254,11,0.00283811206117453,12,4.69428180664079e-05
139016,5.28095867520715,2663.87253657628,278032,117077,9,0.000553763406111605,11,2.0284080354674e-05
84876,5.90218280085527,5811.66039824696,169752,60904,45,0.00236919314178589,15,4.5764676532154e-05
97033,5.47528055933126,4563.70152940542,194066,69689,37,0.00211898344804101,12,3.99601602395466e-05
157812,4.94999676877795,769.318856706917,315624,119055,5,0.000896926727280343,10,2.22678552019381e-05
70548,6.62184504994691,14137.9036866877,141096,52679,164,0.00168043891057324,20,5.08449590324714e-05
85060,5.27593130492236,8375.74288159548,170120,59538,41,0.00231751638128744,12,4.79925896733286e-05
107237,5.56069318877078,2992.15112659448,214474,75338,11,0.00164564062207461,12,3.77878552118162e-05
123931,4.79970567864013,892.923841144573,247862,81759,3,0.00175110744377084,10,3.70803751841017e-05
56053,5.97684550434162,339.238449358898,112106,45497,14,0.00198247650167614,16,5.41592798361147e-05
68879,6.61312307271838,27101.7913613944,137758,58659,92,0.00146256158707814,18,4.00363910735685e-05
84347,5.5246078618417,10832.0075647724,168694,63273,67,0.00144447935271249,12,4.2137585545913e-05
80078,5.94101099405127,22097.7093703828,160156,63736,88,0.00218028349650663,14,3.94257913485187e-05
49386,7.42280303477032,16431.7108176196,98772,44986,126,0.00089136478327958,18,4.88077451149375e-05
87857,5.90186114451313,4609.94724955467,175714,67410,43,0.00143838371202339,15,3.86691079564255e-05
117739,8.60789187636454,33534.8561278443,235478,110766,125,0.000135398234830464,20,1.91929315318001e-05
175423,4.91509314323825,633.9634492795,350846,133450,6,0.000983937245740532,10,1.97007439994849e-05
88327,5.43194291920463,12031.8468853593,176654,60743,85,0.00337824292262178,11,4.78782370878057e-05
105570,5.79500497457019,3547.64669804536,211140,80970,35,0.00152253806589867,14,3.22053187820692e-05
60745,6.97724917015177,7055.60210438662,121490,54565,57,0.000805071719526332,24,4.08056379802125e-05
50615,7.02120721301898,7246.15309653758,101230,42342,57,0.00232366428979658,19,5.64646652998927e-05
78761,6.10375788672366,14872.6081526993,157522,63172,79,0.00173483086976001,16,3.94728822151176e-05
106854,5.9111056035287,4205.86500362517,213708,84592,34,0.00102555021704671,14,2.98653306853959e-05
193256,4.86224131023701,667.842225217615,386512,145067,5,0.000907263373476225,10,1.8366597809472e-05
63965,6.87986592276604,18003.5285475598,127930,54302,141,0.00155573016051184,18,4.33859135855659e-05
116153,5.61776660068564,462.867738965901,232306,85487,10,0.00184675828077943,12,3.17881573374055e-05
105005,6.14723254110888,4981.39111211827,210010,81517,42,0.0016610070344088,14,3.16045001468525e-05
105301,6.46075582146077,6058.06552120067,210602,87469,54,0.0011684815297297,16,2.75270158848347e-05
66999,9.87201507783741,17037.6834426164,133998,52761,171,0.00209452188127463,29,4.81371652065872e-05
73671,6.47149511448905,6785.93364813964,147342,64497,61,0.000711781176551623,16,3.5420465576627e-05
163684,5.31542650663182,3563.21845697864,327368,134872,10,0.00051695297559123,12,1.79968231888611e-05
93545,5.86983481125325,10791.2522469467,187090,65315,60,0.00645520776201409,15,4.38562366729602e-05
93685,5.83706540636545,3170.39718462989,187370,70727,37,0.0015746687280745,12,3.74572356246409e-05
100133,6.09304876236477,5568.10568130315,200266,82351,39,0.000976621909307727,18,2.95307680747574e-05
177319,4.84925982134475,609.788193154919,354638,101998,13,0.0031894427019605,11,3.408836840286e-05
63037,6.36134621182518,7201.89870450133,126074,51648,69,0.002543393696921,18,4.72636136422141e-05
67821,7.88498309428953,34140.9343524345,135642,57614,227,0.00172232452700293,25,4.08644507646246e-05
127993,5.30986452009153,243.076278481168,255986,85625,5,0.00256413671636102,12,3.49156488630311e-05
93423,6.07192844014615,3485.22869375793,186846,70988,38,0.00166148706547621,14,3.70783194272497e-05
163220,5.40532043822797,1526.22437961832,326440,134950,8,0.000363300585822195,14,1.79250679062814e-05
88300,6.28463398444848,4978.69675880021,176600,69266,52,0.00142800659141007,15,3.68092316485799e-05
116452,5.40965691521003,2159.26906585423,232904,89425,25,0.00144741731451573,12,2.91248640133558e-05
181875,5.35521526561413,2091.93951298041,363750,146963,8,0.000804498801479215,11,1.68418556054607e-05
143608,5.27107589821726,1716.87643834272,287216,97793,17,0.00182758024507211,12,3.00329181260792e-05
132119,5.6807272658081,6502.02910309168,264238,95278,35,0.00168950454393316,13,2.91081475257283e-05
81061,9.64891569335617,27264.8770360267,162122,73689,177,0.000965589738938107,24,2.98567492317367e-05
112753,5.85720622588927,748.017653555532,225506,85230,17,0.00196164064321392,12,3.10440389936511e-05
115180,5.58203566954584,4538.15832907486,230360,81785,45,0.00276114215529025,14,3.4440152359311e-05
102490,5.72736660886254,2090.8670546903,204980,79227,32,0.00153926700970104,16,3.26565685043514e-05
196706,4.6785258593747,246.49704957706,393412,140600,3,0.00115781765576029,10,1.99012360212878e-05
86167,5.51333927359724,468.576058695347,172334,68637,14,0.000712446086150828,13,3.65814326460758e-05
128411,5.41277868472524,5447.42012867291,256822,96637,43,0.00153698007661892,14,2.75010856933312e-05
67561,6.42431269471698,4212.03057711236,135122,55944,46,0.00143817121785627,15,4.31744483725965e-05
101077,6.10812405697062,2504.63712393901,202154,79853,29,0.00173306181542407,14,3.17033608716017e-05
78217,6.2988877583185,5777.42354202818,156434,62857,54,0.00154646089337567,15,3.95941259939162e-05
54394,7.27132431938755,12310.135552767,108788,46676,95,0.00246837759008455,24,4.99347678096181e-05
106285,6.30745572185728,7967.62327409562,212570,89750,71,0.000959650605649728,17,2.63899092644354e-05
74991,6.2894833761554,5373.78882960621,149982,59359,39,0.00328487678669171,18,4.25670256576651e-05
64452,7.39462155307035,7666.17907242184,128904,56022,80,0.00167946959726824,21,4.10730475528523e-05
80982,5.70742134678633,6081.63965444492,161964,66086,67,0.000504780327330888,15,3.70856703462401e-05
128361,5.02907614261494,890.439568843167,256722,95669,11,0.000831764728918765,14,2.80495022027238e-05
118994,6.01867324505154,3014.1691022078,237988,90741,27,0.00232146314482556,13,2.89036522424607e-05
143959,5.44324910529087,2512.91166452601,287918,103908,30,0.00133067743582916,12,2.66670530637612e-05
83933,6.67241821923446,6072.66876772375,167866,70707,53,0.00195295185772872,15,3.35771678676504e-05
69474,7.16432405494426,6794.84608569052,138948,59234,36,0.00176868147722932,18,3.96020356020886e-05
114788,5.80437948742612,12771.2819682418,229576,89895,58,0.00191640625714287,12,2.84092809939231e-05
144280,5.64472313019355,3248.73273731835,288560,110607,22,0.00136525495511932,13,2.35871152790625e-05
108784,6.52202555822163,16462.1503102336,217568,89383,111,0.00183504598568518,16,2.72326575194542e-05
154867,5.49786935927338,4538.97446417785,309734,108417,50,0.00194907025569592,11,2.63510615506948e-05
139055,5.6320699884039,5483.38205174953,278110,105555,31,0.00114033943905254,13,2.49610643163032e-05
134224,5.5165726078023,2729.43499825366,268448,93234,25,0.00225944462804855,13,3.08827664217075e-05
73489,8.77235440591877,24031.0867376212,146978,66503,180,0.000750862665507359,22,3.32335235805322e-05
112606,5.90259473672821,4920.55937594124,225212,86546,43,0.00144864484622955,15,3.0067861750911e-05
80885,6.71261221035671,6106.73082686873,161770,68161,53,0.00160268976273787,18,3.48202953336181e-05
146912,5.7469808034445,4626.21795385039,293824,112048,31,0.00138234889040444,15,2.34036138990403e-05
111027,6.46684750888648,14405.4431680796,222054,87579,97,0.00226847605980899,14,2.89510017589895e-05
143466,5.23952736961882,5312.89380834849,286932,101201,52,0.00108045018641852,16,2.80164864249142e-05
145546,5.96845065031382,3340.79530570546,291092,105639,34,0.00305704124843221,16,2.6084698318726e-05
167425,5.97524085195984,2514.39094717721,334850,125977,31,0.00171343873362305,17,2.10994544798772e-05
111489,6.72664101200171,24728.8029608307,222978,98846,165,0.00073693590207798,17,2.28217114806296e-05
144034,6.0832492126917,7089.74209029129,288068,106326,65,0.00207669664819114,13,2.54812160440393e-05
173212,5.54552168800858,5433.81889679278,346424,126495,40,0.00145821521386654,14,2.16503382834421e-05
98193,6.92641427976002,15862.4035028372,196386,86557,159,0.000532071167598368,20,2.62126633901395e-05
154358,5.90480712044551,13710.3397708262,308716,110526,86,0.00320717632984506,16,2.52716828078821e-05
132287,6.97585410057049,15684.4477690703,264574,112270,132,0.000753189152635184,22,2.09905387923589e-05
235936,5.2390105544462,13580.5368464685,471872,141474,66,0.00129220169725624,12,2.35762111273633e-05
170257,5.51766149089273,1658.01195073945,340514,119906,17,0.00220179988806757,13,2.36840933150995e-05
191353,5.36446597653614,8281.94473606307,382706,126923,41,0.00259751158166457,11,2.37568051352046e-05
189969,5.47251837132634,3771.42994468814,379938,129893,32,0.0020351248221169,14,2.25187656374385e-05
125519,6.10379470148472,11747.0900720139,251038,101597,93,0.00133920955284242,16,2.43210305219882e-05
223991,5.41676852700577,3147.92657723025,447982,163661,13,0.00112075620676659,12,1.6725257660576e-05
183858,6.24463477845271,8885.01777503205,367716,151388,84,0.000522404684163777,16,1.60447329465379e-05
175887,6.20263090584099,7323.56657038013,351774,134266,63,0.00185634907896756,14,1.9513486404695e-05
196269,5.75576341858894,6851.36824206155,392538,139578,43,0.00231882357530229,13,2.0148878347594e-05
233232,5.48667732358358,6695.86311845421,466464,160491,54,0.0015882410810619,14,1.81100426022656e-05
281210,5.3172763941823,2794.49090872181,562420,176246,14,0.00266756840360593,10,1.81060902907854e-05
101495,7.61272560461435,14461.4267196178,202990,90025,164,0.000850786389049809,18,2.50468553505914e-05
225483,5.46562956043048,1230.46390240974,450966,149141,13,0.00240145150873097,12,2.02746147441279e-05
169562,6.43299413467713,7556.33106175003,339124,134761,85,0.00144322639211928,19,1.8673825613314e-05
177634,5.44119622731015,560.597961932802,355268,139918,8,0.000670070083309988,12,1.81472999550223e-05
210813,6.45110140694341,2738.48840628405,421626,157641,19,0.00142672127959145,16,1.69664810701216e-05
192200,5.72245160036492,5180.88814993833,384400,137850,35,0.00235698770080575,18,2.02289335884294e-05
168358,7.95538421780666,24380.1420007164,336716,133450,170,0.00188230429636982,30,1.89073146523847e-05
184551,5.78243031878571,8586.07519865626,369102,131085,47,0.00245999991696203,14,2.14804667895352e-05
216553,6.40205426908937,9199.81257631094,433106,168904,90,0.00158385733118377,16,1.51815775408354e-05
122573,7.15377826333065,9974.78991042629,245146,103485,124,0.00165445178999408,17,2.28914972928287e-05
187693,5.48404749444959,1060.29823302169,375386,135178,8,0.00168275665738193,11,2.05432547205342e-05
163826,6.79283386589497,14734.3530121429,327652,141290,125,0.00101187346963061,17,1.64131918836176e-05
245520,5.50921198572908,6532.72620057464,491040,159706,33,0.00246542306694381,12,1.92520564087935e-05
106079,8.177740155675,24433.7026456483,212158,94649,186,0.00105458145164742,20,2.36827396920196e-05
229181,5.76941775394519,3720.32270595111,458362,156481,49,0.00262737769915109,16,1.87192375446537e-05
217379,5.92787607931227,4799.08609420373,434758,157776,55,0.00221959097766186,15,1.74649944480216e-05
246376,5.81768874556517,3459.35734733282,492752,182505,34,0.00156396407225644,14,1.47938510280746e-05
236198,6.08454199146991,4839.80802009442,472396,171524,46,0.00165040718337249,16,1.60567982835071e-05
204997,6.92393746329771,10840.7689588889,409994,167092,99,0.00147297934456428,17,1.46848253473127e-05
270724,5.77851116743514,6230.16267516056,541448,177460,39,0.00235572324578127,14,1.71932606358372e-05
271138,5.304852175324,1336.37617137983,542276,193395,12,0.00200653997351612,12,1.44988029032085e-05
218983,6.6176233904132,6865.95007193517,437966,175484,81,0.0019999307916167,18,1.42222340468027e-05
300114,5.87536587042286,3142.54069679618,600228,195784,41,0.0024250618116682,14,1.56590018273206e-05
229356,6.47938175672935,18530.2449160135,458712,191321,130,0.00121714665006583,16,1.25319048021137e-05
214954,5.93425570131605,3936.10420716917,429908,163734,33,0.00184574981620224,13,1.60361620343339e-05
282676,6.02497886442843,8247.17248076555,565352,212548,78,0.00158693295533186,15,1.25143106241548e-05
239516,6.0320349277109,12853.4918367765,479032,181265,71,0.00180573586842848,15,1.45793785023187e-05
224546,6.88387630465761,17370.3373929589,449092,182813,179,0.00146893169225072,19,1.34376567463932e-05
323817,5.75131377226077,3070.11024094898,647634,219749,37,0.0016988764731723,13,1.34115138391812e-05
328923,5.75458501626674,6132.63714436947,657846,228903,74,0.00193982643320625,14,1.25551864476501e-05
340047,5.84891448845275,7278.39213355212,680094,249953,75,0.00113330240009626,13,1.08856401503291e-05
311738,5.925297345334,3809.55932488494,623476,216832,34,0.00242949382125038,14,1.32609608252243e-05
170935,7.09542942392182,15111.5329182065,341870,141497,102,0.00244465578237395,16,1.7075349320311e-05
228843,6.62949585377746,8754.52818029048,457686,179677,78,0.00217060366461891,16,1.41770238439186e-05
288322,5.69999180084255,4978.74144041727,576644,219118,73,0.00104723665695051,16,1.20102942889076e-05
336246,5.94899492053348,4864.8056236271,672492,233806,44,0.00213268350428,13,1.23020553272969e-05
343703,5.89989357955346,9853.16369331919,687406,237215,65,0.00158842163390349,14,1.22160514756856e-05
333911,6.27816343273089,18130.2342499422,667822,246613,136,0.00231010768035073,15,1.09807132425129e-05
