 # cat mhrw-nodeproperties-anonymized.txt | cut -d "#" -f 5 | tr "|" "\n" | sort | uniq -c | sort -rg | head -n 1000 > topnets
 464099 
  15620 291
  12446 307
  12406 362
   9986 491
   7921 388
   6421 142
   6314 64
   5768 336
   5439 471
   5399 285
   5373 477
   5212 264
   5079 15
   4676 334
   4451 275
   4395 41
   4119 346
   3929 469
   3809 57
   3739 1131
   3667 270
   3647 1228
   3547 96
   3449 382
   3381 437
   3300 314
   3299 303
   3175 253
   3147 379
   3086 2491
   3013 418
   2887 502
   2693 183
   2643 383
   2587 387
   2562 367
   2522 281
   2513 99
   2441 478
   2410 361
   2402 277
   2385 211
   2314 286
   2118 464
   2048 370
   2030 27
   2029 410
   2026 227
   1907 251
   1877 30
   1867 276
   1857 9
   1838 351
   1834 45
   1803 282
   1788 431
   1784 252
   1755 108
   1738 17
   1731 92
   1715 146
   1699 32
   1600 52
   1598 446
   1573 386
   1548 169
   1539 287
   1509 127
   1506 110
   1481 289
   1476 259
   1458 67
   1453 53
   1410 1007
   1299 18
   1292 197
   1280 163
   1266 219
   1238 26
   1220 202
   1200 176
   1191 243
   1131 162
   1103 290
   1100 160
   1100 16
   1094 283
   1087 399
   1065 75
   1028 269
   1025 429
   1010 129
   1003 102
    996 263
    982 1115
    979 50
    958 340
    955 22
    945 255
    941 38
    932 224
    925 195
    910 288
    906 258
    876 496
    870 82
    870 461
    863 136
    841 214
    827 43
    825 137
    815 120
    801 13
    764 284
    761 335
    758 46
    756 2316
    750 125
    747 322
    713 267
    707 445
    696 138
    693 128
    690 140
    689 344
    688 116
    685 308
    679 60
    671 165
    666 187
    655 134
    644 265
    633 279
    624 447
    624 274
    620 245
    600 439
    599 459
    590 150
    588 280
    582 84
    578 71
    576 391
    573 390
    568 80
    562 167
    561 100
    558 434
    557 79
    556 190
    551 218
    538 256
    537 157
    529 164
    524 62
    523 271
    522 109
    520 198
    514 158
    509 143
    507 186
    506 483
    506 1484
    502 254
    501 35
    501 257
    500 69
    496 139
    495 1162
    490 65
    487 260
    485 480
    485 188
    475 154
    469 10
    465 230
    460 1175
    459 95
    458 104
    456 1032
    452 1006
    451 465
    449 37
    448 14
    446 1556
    445 266
    445 1878
    441 70
    439 442
    435 182
    435 1094
    429 24
    428 1747
    428 1171
    427 350
    425 72
    424 90
    421 74
    421 199
    421 1512
    421 1165
    420 1166
    418 174
    417 2924
    417 105
    416 159
    410 77
    410 25
    398 135
    397 152
    397 124
    394 1
    389 55
    385 2376
    384 452
    384 423
    383 489
    383 1555
    382 221
    382 1318
    377 472
    377 261
    376 63
    376 49
    376 231
    373 117
    371 130
    371 1245
    366 148
    363 34
    362 381
    362 3027
    361 98
    358 325
    358 2020
    356 54
    356 272
    356 1535
    351 2336
    348 1349
    347 225
    340 39
    337 1330
    335 1450
    331 193
    330 320
    330 319
    327 59
    327 343
    327 2248
    327 1408
    325 1537
    324 196
    324 1547
    322 86
    316 1070
    315 200
    313 311
    312 78
    311 215
    311 1817
    311 1672
    310 3880
    309 242
    306 2499
    306 1526
    305 126
    303 56
    303 145
    302 -2
    302 1313
    301 1865
    300 1531
    298 151
    297 33
    297 2265
    296 12
    291 393
    289 380
    289 1550
    285 466
    284 490
    284 222
    280 1222
    275 497
    275 470
    275 144
    275 1008
    273 171
    272 147
    269 1911
    268 175
    264 47
    264 232
    263 2041
    262 94
    261 21
    261 103
    260 3728
    258 2974
    258 20
    258 1320
    256 2260
    255 1476
    254 107
    253 1825
    252 240
    252 1103
    250 1478
    249 61
    249 238
    247 389
    246 19
    244 3
    244 1062
    241 1395
    240 2392
    239 91
    238 58
    238 228
    237 180
    237 101
    232 373
    232 1398
    231 448
    229 441
    229 1515
    228 5
    228 234
    228 1135
    225 42
    225 405
    225 3473
    224 68
    224 1816
    224 121
    223 1517
    223 1477
    222 28
    221 1298
    220 2423
    220 178
    219 1471
    219 1406
    218 2142
    216 76
    216 66
    216 2723
    216 149
    216 1016
    214 273
    213 248
    213 1539
    213 1498
    212 123
    212 1215
    211 3022
    211 262
    210 2469
    210 1072
    209 36
    209 2717
    209 208
    209 1340
    207 1808
    207 1489
    206 349
    205 384
    205 246
    205 235
    205 1261
    203 2393
    202 220
    202 181
    201 1268
    200 1075
    198 1809
    197 1091
    195 395
    195 31
    195 1659
    195 131
    194 268
    194 209
    194 1024
    193 2043
    193 1066
    191 2991
    190 48
    190 44
    190 244
    189 73
    188 338
    188 2220
    188 1100
    188 1092
    187 2369
    187 1080
    186 236
    186 177
    185 451
    185 3726
    182 81
    181 2811
    180 2979
    180 29
    179 168
    177 2897
    176 6014
    176 1801
    176 1620
    175 4938
    175 155
    175 1528
    174 87
    174 3449
    174 217
    174 212
    174 201
    173 111
    171 2400
    171 207
    171 153
    170 2693
    170 1966
    170 189
    169 4937
    169 449
    169 352
    169 1149
    168 2106
    167 85
    167 1592
    167 1493
    166 2878
    166 2454
    166 141
    166 1189
    166 1005
    165 3205
    165 1167
    164 119
    164 1022
    163 1563
    163 1027
    163 1018
    162 179
    161 1897
    160 156
    160 1479
    160 11
    159 1486
    159 1419
    158 4573
    158 2067
    157 51
    157 1389
    157 1170
    156 3783
    156 3421
    156 3117
    156 2427
    155 23
    154 184
    153 407
    153 1732
    152 1990
    151 312
    151 1820
    151 1274
    150 2494
    150 1731
    149 1120
    148 8
    148 296
    148 1475
    148 1392
    148 1060
    147 2452
    147 223
    147 172
    146 417
    146 1139
    145 3254
    145 2765
    144 226
    144 1249
    143 2131
    143 1323
    143 1255
    143 1078
    142 404
    142 2703
    140 205
    140 1995
    140 1501
    140 1431
    140 114
    139 2391
    139 2331
    139 1927
    139 1725
    138 5130
    138 2252
    138 1494
    138 1108
    137 295
    137 2456
    137 2268
    137 106
    136 2422
    136 2
    136 1604
    136 1480
    134 4207
    134 191
    133 1918
    132 1214
    130 1937
    129 97
    129 93
    129 1063
    128 413
    128 3288
    128 1530
    128 1321
    128 1304
    127 2877
    127 241
    126 88
    126 2279
    126 1717
    125 5079
    125 4939
    125 479
    125 170
    125 1520
    125 1276
    124 4540
    122 3056
    122 2901
    122 1541
    122 1026
    121 4935
    121 1919
    120 2532
    119 1265
    119 1085
    118 2305
    116 503
    116 278
    116 2775
    116 2538
    116 1670
    116 1388
    116 1303
    115 132
    115 1218
    115 1004
    114 495
    114 1180
    114 1013
    113 3212
    113 2471
    113 2397
    113 203
    113 1473
    112 368
    112 239
    112 194
    112 1533
    111 2092
    111 2068
    111 1798
    110 4974
    109 4516
    109 2221
    109 1609
    109 1387
    108 2908
    108 1109
    107 40
    107 233
    107 1269
    106 378
    106 3204
    106 1071
    105 1464
    105 1076
    104 1859
    104 1275
    104 112
    103 4147
    103 3238
    103 237
    103 2123
    103 1596
    103 1282
    102 8785
    102 5087
    102 2224
    102 216
    102 1205
    101 2480
    101 1940
    101 1727
    101 1487
    100 2383
    100 166
    100 1472
    100 113
    100 1101
     99 6651
     99 3315
     99 1185
     98 2370
     98 1956
     97 3925
     97 2640
     97 1099
     96 6659
     96 4177
     96 3211
     96 2510
     95 484
     95 2083
     95 173
     95 1226
     94 2003
     94 1932
     93 5916
     93 249
     93 1930
     93 1793
     93 1316
     93 1263
     92 4629
     92 4016
     92 3399
     92 310
     92 2410
     92 185
     91 3683
     91 2714
     90 6192
     90 3903
     90 3122
     89 89
     89 6665
     89 4529
     89 2238
     89 1502
     89 1250
     89 1044
     88 4656
     88 4143
     88 3088
     88 1718
     88 1299
     88 1097
     88 1051
     87 7526
     87 474
     87 3257
     87 2782
     87 2732
     87 2437
     87 1917
     87 1777
     87 1216
     87 1164
     86 8710
     86 4542
     86 4118
     86 3545
     86 1037
     85 5797
     85 161
     84 6848
     84 5977
     84 3106
     84 250
     84 2115
     84 1892
     83 3103
     83 247
     83 2036
     83 1366
     83 1293
     82 6137
     82 3448
     82 3039
     82 2396
     82 2108
     82 2090
     82 1603
     82 1246
     81 6126
     81 2449
     81 2335
     81 1936
     81 1935
     80 6691
     80 6
     80 4532
     80 406
     80 4
     80 2461
     80 2298
     80 2292
     80 2233
     79 5492
     79 2935
     79 2345
     79 1929
     79 15734
     79 1322
     79 1118
     78 8590
     78 5110
     78 3723
     78 1721
     78 1446
     78 1396
     78 1301
     78 1287
     78 1011
     77 426
     77 3253
     77 2869
     77 1799
     77 1540
     77 1325
     76 4940
     76 3270
     76 1123
     75 1958
     75 1924
     75 1499
     75 1049
     75 1043
     74 4736
     74 3904
     74 3659
     74 1916
     74 1463
     74 1065
     73 5910
     73 4950
     73 4625
     73 3007
     73 2863
     73 229
     73 2272
     73 115
     72 7
     72 2075
     72 1807
     72 1315
     71 4976
     71 4258
     71 3244
     71 1064
     70 4737
     70 2237
     69 83
     69 5314
     69 2205
     69 2099
     69 1683
     68 5922
     68 4256
     68 3899
     68 3878
     68 3092
     68 2906
     68 2889
     68 210
     68 1949
     68 1928
     68 1898
     68 1341
     68 1046
     67 3282
     67 3245
     67 3047
     67 3029
     67 2957
     67 2432
     67 2367
     67 2059
     67 1985
     67 1789
     67 1281
     67 1067
     66 8310
     66 5290
     66 432
     66 3688
     66 2892
     66 2209
     66 2124
     66 1827
     66 16732
     66 1545
     66 1312
     65 9548
     65 3817
     65 3645
     65 3462
     65 2486
     65 1466
     65 1424
     65 1319
     65 1317
     64 6307
     64 3518
     64 2806
     64 2748
     64 2555
     64 1814
     64 1707
     63 9858
     63 5358
     63 438
     63 411
     63 397
     63 385
     63 2113
     63 1728
     63 1280
     62 8074
     62 6688
     62 192
     62 1500
     62 1082
     61 3396
     61 3232
     61 2942
     61 2742
     61 1819
     61 1791
     61 1492
     60 5143
     60 4924
     60 3884
     60 3725
     60 355
     60 2907
     60 2550
     60 1797
     59 9100
     59 4526
     59 428
     59 2952
     59 2931
     59 2890
     59 1525
     59 1141
     58 9549
     58 5758
     58 4964
     58 3491
     58 3459
     58 3070
     58 2751
     58 2399
     58 1815
     58 1796
     58 1684
     58 1650
     58 1491
     58 1177
     58 1105
     57 5510
     57 5351
     57 422
     57 3190
     57 3124
     57 2760
     57 2478
     57 1933
     57 1883
     57 1140
     56 8899
     56 5951
     56 5728
     56 5619
     56 5118
     56 4876
     56 4633
     56 4527
     56 3053
     56 2965
     56 2953
     56 1943
     56 1270
     56 1173
     56 1144
     56 1042
     55 9861
     55 7303
     55 2606
     55 2407
     55 2023
     55 1328
     55 118
     54 8588
     54 7659
     54 5791
     54 5227
     54 3206
     54 3046
     54 2614
     54 2548
     54 2180
     54 206
     54 1645
     54 1514
     53 4904
     53 3763
     53 3430
     53 2492
     53 2308
     53 2080
     53 2069
     53 1942
     53 19402
     53 1804
     53 133
     53 1126
     52 6388
     52 6143
     52 5312
     52 4514
     52 4238
     52 324
     52 321
     52 2657
     52 2488
     52 2202
     52 213
     52 1702
     52 1641
     52 1618
     52 1423
     52 1272
     52 1039
     51 7317
     51 7212
     51 2588
     51 2501
     51 1832
     51 1800
     51 1497
     51 13542
     51 12286
     51 12074
     50 9112
     50 5126
     50 5052
     50 4917
     50 4866
     50 4344
     50 415
     50 2865
     50 2118
     50 2049
     50 13764
     50 1147
     50 11261
     50 1054
     49 8853
     49 5995
     49 5882
     49 5456
     49 4798
     49 444
     49 3072
     49 2753
     49 2541
     49 1923
     49 1361
     49 1225
     49 11186
     48 8198
     48 7540
     48 5914
     48 4854
     48 430
     48 2926
     48 2767
     48 2482
     48 1986
     48 1236
     48 1188
     47 8611
     47 6863
     47 6836
